	Point 1 (Reference Step: 0)		Point 1 (Reference Step: 0)		Point 2 (Reference Step: 0)		Point 2 (Reference Step: 0)	
Step No.	x Displacement	Uncertainty of x Displacement	y Displacement	Uncertainty of y Displacement	x Displacement	Uncertainty of x Displacement	y Displacement	Uncertainty of y Displacement
	Displacement/mm	Displacement/mm	Displacement/mm	Displacement/mm	Displacement/mm	Displacement/mm	Displacement/mm	Displacement/mm
0	0	0.00140432	0	1.67993e-05	0	0.00102314	0	0.000100777
1	0.00100409	0.00199741	0.000267207	0.00112302	-0.00485543	0.00175579	-0.00145518	0.00108327
2	0.000427531	0.00214976	-0.00214138	0.00125887	-0.000802992	0.0017423	-0.00108847	0.00108262
3	0.00212092	0.00207129	-0.000911189	0.00117805	0.000398434	0.00169248	-0.00135823	0.00102135
4	0.0021179	0.00201916	-2.53323e-05	0.00114099	0.00147203	0.00181629	-0.00184663	0.00113903
5	0.00210117	0.00193688	-0.00156384	0.00102881	-0.00116054	0.00179219	-0.0019466	0.00112325
6	0.00420795	0.00215957	-0.00115795	0.00125388	-0.00172706	0.00173923	-0.0021141	0.00107292
7	0.00298329	0.00207764	-0.00237408	0.00118474	-0.00172052	0.00171335	-0.00312155	0.00104749
8	0.000593057	0.00208933	-0.00149191	0.00118119	-0.0004331	0.00167633	-0.00246654	0.00101321
9	0.00366287	0.00202073	-0.00408639	0.00112276	-0.00104375	0.00180301	-0.00407572	0.00112371
10	0.00381372	0.00207084	-0.00383074	0.00118608	0.000422206	0.00172357	-0.00367579	0.0010533
11	0.0011794	0.00226011	-0.00546142	0.00136796	-3.3847e-05	0.00176208	-0.00552758	0.00109278
12	0.00656047	0.0019698	-0.00378237	0.00109645	0.0010082	0.00183794	-0.00621235	0.00115989
13	0.00297809	0.00207943	-0.00449231	0.00120884	0.000229619	0.00199495	-0.00753858	0.0012945
14	0.00381021	0.00215692	-0.00625106	0.00128621	-4.52941e-05	0.00193641	-0.00590989	0.00124721
15	0.00240599	0.00210438	-0.0086346	0.00123222	0.000839151	0.00180344	-0.00607962	0.00114011
16	0.00226066	0.00213857	-0.00717022	0.0012813	0.00175935	0.00189075	-0.00515001	0.00120414
17	0.00372186	0.00220633	-0.00691859	0.00132803	-0.000485169	0.00195344	-0.00708137	0.00126275
18	0.0040433	0.00220261	-0.00819515	0.00131484	0.00153486	0.00187401	-0.00593344	0.00119515
19	0.000841695	0.00218189	-0.0110207	0.00131709	-0.00126385	0.00197359	-0.00928281	0.00126356
20	0.00358275	0.00234509	-0.00748713	0.00143462	-0.000525549	0.00194477	-0.00731228	0.00125158
21	0.00524234	0.00229663	-0.0115317	0.00139548	0.000975519	0.0019477	-0.00932102	0.00124849
22	0.00669555	0.00242334	-0.0107249	0.00151081	0.00290604	0.00197676	-0.00814509	0.00129028
23	0.00206746	0.00216966	-0.0124094	0.00129223	0.00154966	0.0020535	-0.0111896	0.00134125
24	0.00656185	0.002305	-0.00989443	0.00140024	0.000784503	0.00195988	-0.00870101	0.00126251
25	0.000588499	0.00232671	-0.0152585	0.00144807	0.000882434	0.00206792	-0.0123037	0.00136068
26	0.00657476	0.00227975	-0.0117846	0.00140472	0.000996701	0.00200111	-0.00882744	0.0013034
27	0.00657124	0.00244588	-0.0114846	0.00155197	0.00349132	0.00206529	-0.012694	0.00134479
28	0.00474578	0.00264273	-0.0120869	0.00168414	-0.000595097	0.00211384	-0.00906795	0.00139435
29	0.00342466	0.00235992	-0.0134553	0.00147141	0.00147366	0.00197543	-0.00937181	0.00127747
30	0.00756675	0.00260064	-0.0128331	0.00167438	0.00166977	0.00216478	-0.0131854	0.00142509
31	0.00543224	0.0024682	-0.0120924	0.00158316	0.00213224	0.00199327	-0.0110943	0.00129503
32	0.00521389	0.00268332	-0.015014	0.00173014	0.00207374	0.00218535	-0.0121085	0.00145018
33	0.0043177	0.00247054	-0.0150957	0.00155665	0.00130596	0.00216472	-0.0126347	0.00143183
34	0.00771528	0.00262058	-0.0158822	0.00169314	0.000240908	0.00203173	-0.0117459	0.00132277
35	0.00662082	0.00261976	-0.0143477	0.00167742	0.00257831	0.0021196	-0.0117302	0.00139717
36	0.0071348	0.00281525	-0.0179766	0.00182516	0.00195884	0.00213473	-0.0154946	0.00141567
37	0.00933273	0.00275232	-0.0156638	0.00178142	0.00395834	0.00209526	-0.0139819	0.00137995
38	0.00773857	0.00288214	-0.0168938	0.00185117	0.00246839	0.00219869	-0.0127028	0.00146489
39	0.0108984	0.00257775	-0.0164396	0.00164311	0.00254181	0.00222414	-0.0136902	0.0014867
40	0.0070097	0.0026882	-0.0184629	0.00174422	0.00276795	0.00226031	-0.0157778	0.00151487
41	0.00917276	0.0027912	-0.0199403	0.00182477	0.0039002	0.0022353	-0.0141151	0.00148361
42	0.00819295	0.0028561	-0.0210894	0.00185948	0.00246846	0.00232823	-0.0141269	0.00156413
43	0.00959314	0.00292024	-0.021363	0.0019105	0.0027792	0.00228434	-0.0185279	0.00153212
44	0.0101592	0.0027952	-0.0208954	0.00180665	0.00475476	0.00239818	-0.0148809	0.00159688
45	0.00863436	0.00280906	-0.0214134	0.00184106	0.00495385	0.00238705	-0.0183491	0.0015992
46	0.0108259	0.00301699	-0.0242281	0.00194489	0.00472126	0.00240663	-0.0184436	0.00161617
47	0.00656305	0.00297405	-0.0218123	0.001934	0.00470822	0.0024744	-0.0174274	0.0016651
48	0.0099764	0.00304374	-0.0234608	0.00198262	0.00573033	0.00251985	-0.0176157	0.0016947
49	0.0100453	0.00310444	-0.0222474	0.00204373	0.00563271	0.00246053	-0.0174717	0.00164883
50	0.0125954	0.00300452	-0.0254113	0.0019608	0.00650368	0.00257138	-0.0195459	0.00172541
51	0.0102346	0.00318499	-0.0239609	0.00207043	0.00448871	0.00251847	-0.0196235	0.00169579
52	0.00863245	0.00314658	-0.0271978	0.00206525	0.00390128	0.00264227	-0.0199241	0.00178335
53	0.0140143	0.00306692	-0.0251828	0.00200739	0.0028474	0.00255935	-0.0190305	0.0017186
54	0.0102049	0.00330042	-0.029889	0.00214355	0.00245	0.00264032	-0.0222682	0.00176771
55	0.00973499	0.00284911	-0.0260828	0.00186752	0.00416799	0.00253839	-0.0188657	0.00172172
56	0.0105662	0.00330399	-0.0277559	0.00217782	0.00421647	0.00257756	-0.0223809	0.00174085
57	0.0104413	0.00320727	-0.0266381	0.00211013	0.00494829	0.00257554	-0.0204149	0.00173592
58	0.00952783	0.00342005	-0.0276006	0.00224301	0.00580017	0.00263355	-0.0203244	0.00177369
59	0.0119128	0.00333353	-0.0291498	0.00216546	0.00682985	0.00291734	-0.0232469	0.00194866
60	0.0126948	0.0032509	-0.029899	0.00214791	0.00626427	0.00268996	-0.0202975	0.00180392
61	0.0142239	0.00318366	-0.0311238	0.00211695	0.00741389	0.00274305	-0.0230808	0.00185347
62	0.0131468	0.00350013	-0.0343351	0.00229848	0.00641922	0.00293448	-0.0251897	0.00196379
63	0.0108155	0.0032069	-0.0283888	0.00209809	0.00762	0.00275517	-0.0204499	0.00184958
64	0.0125339	0.00336933	-0.0354143	0.00221746	0.00302626	0.00288399	-0.0261741	0.00192622
65	0.0122819	0.00335772	-0.0281853	0.002219	0.00340788	0.00262812	-0.0183958	0.00176864
66	0.0114725	0.00340809	-0.0346925	0.00226669	0.00406897	0.00312396	-0.0270183	0.00206531
67	0.013638	0.00348363	-0.0300895	0.00227419	0.00631753	0.00286768	-0.0232594	0.00191825
68	0.0120741	0.00348208	-0.0381426	0.00227324	0.00812317	0.00314214	-0.0284721	0.00207496
69	0.0137534	0.00362073	-0.035495	0.0023684	0.00764439	0.002959	-0.0265409	0.00197606
70	0.0106289	0.00348819	-0.0368083	0.00231529	0.00741625	0.00303204	-0.0275019	0.002025
71	0.0134763	0.00363402	-0.0362746	0.00235947	0.00680254	0.00304286	-0.0274507	0.00202202
72	0.0135438	0.00350653	-0.0373343	0.00232014	0.00927232	0.00304092	-0.0257673	0.00202168
73	0.0131768	0.00352049	-0.0384369	0.0023154	0.00685954	0.00317117	-0.0266269	0.00209469
74	0.0167241	0.00377251	-0.0415712	0.00245772	0.010089	0.00314796	-0.0301326	0.00209239
75	0.0129869	0.00349188	-0.0357293	0.00230782	0.00852863	0.00287023	-0.0264165	0.00192011
76	0.0124573	0.00353814	-0.0359383	0.00234444	0.00767471	0.00324343	-0.0295299	0.00214698
77	0.011432	0.00354222	-0.0310139	0.00229904	0.00654512	0.00291287	-0.0244598	0.00194658
78	0.0161536	0.0034892	-0.0373656	0.00228267	0.00826866	0.00314943	-0.0286582	0.00210243
79	0.00996126	0.00351403	-0.0349302	0.00231864	0.00774203	0.00298571	-0.0261122	0.00198896
80	0.0100346	0.00384814	-0.0366568	0.00247055	0.00558024	0.00301355	-0.0289703	0.00201741
81	0.0121466	0.00330112	-0.0308616	0.00217153	0.00784218	0.00272646	-0.0209807	0.00183123
82	0.0130838	0.00381042	-0.0411502	0.00249961	0.00718031	0.00322627	-0.0343164	0.00213662
83	0.0127144	0.00343449	-0.0332866	0.00226543	0.00959932	0.00285313	-0.0237431	0.00192512
84	0.00947915	0.0035426	-0.0369114	0.00235529	0.00530974	0.00297587	-0.0295306	0.0019824
85	0.0138999	0.00368898	-0.0385578	0.00238541	0.00811438	0.0031006	-0.0298723	0.00206847
86	0.012517	0.00349132	-0.0280995	0.00227875	0.00659342	0.00265282	-0.0242208	0.00179427
87	0.0108809	0.0036624	-0.0417136	0.00238261	0.00831765	0.00331567	-0.0345542	0.0021854
88	0.0123577	0.00347677	-0.034301	0.00229269	0.00579733	0.00292817	-0.0231966	0.00195988
89	0.00944644	0.00383505	-0.0463678	0.00247929	0.00822441	0.00350479	-0.0348669	0.00228552
90	0.0144995	0.00366012	-0.0422782	0.00239893	0.00815935	0.00299542	-0.0291999	0.0020137
91	0.0136213	0.00379502	-0.0461993	0.00248685	0.00650553	0.00340377	-0.0344952	0.00224684
92	0.0189754	0.00392518	-0.0478629	0.00253049	0.0115089	0.00341628	-0.0368067	0.00223957
93	0.0164333	0.00391041	-0.051867	0.00255054	0.012975	0.00339448	-0.0368594	0.0022248
94	0.0166828	0.00387763	-0.0534156	0.00254388	0.0101885	0.00352141	-0.0384188	0.00228126
95	0.0167636	0.00377238	-0.0498812	0.00244471	0.0106187	0.00341782	-0.0367219	0.00224234
96	0.0165681	0.00404257	-0.0540833	0.0026087	0.0121675	0.00351168	-0.0393187	0.00229184
97	0.0203191	0.00370144	-0.0531995	0.00245008	0.01043	0.0035469	-0.0390409	0.0022983
98	0.0164363	0.00374748	-0.0511036	0.00247911	0.00994057	0.00357788	-0.0356851	0.00232958
99	0.0122794	0.00386217	-0.0529225	0.00250233	0.00924849	0.00357463	-0.0401065	0.0023145
100	0.0122057	0.0037209	-0.0529669	0.00244713	0.0101374	0.00344002	-0.0369413	0.00226905
101	0.0128202	0.00383946	-0.0524284	0.00253902	0.00834651	0.00359646	-0.0360221	0.00233663
102	0.0159846	0.00380524	-0.0537403	0.00248282	0.0101545	0.00352742	-0.037539	0.00229234
103	0.0146538	0.00374984	-0.0555456	0.00248438	0.00914681	0.00339647	-0.0397542	0.00223342
104	0.0144241	0.00379457	-0.0554242	0.00249801	0.0109537	0.00347371	-0.0408657	0.00226582
105	0.0144303	0.00364138	-0.0535127	0.00242076	0.00991257	0.00345027	-0.0381744	0.00226553
106	0.016049	0.00391002	-0.0549786	0.0025472	0.0124525	0.00358555	-0.0427765	0.00233579
107	0.0150499	0.00382895	-0.0553365	0.00250504	0.0133672	0.00357141	-0.0381692	0.00232555
108	0.0162778	0.00391389	-0.0604106	0.00251949	0.0103544	0.00363626	-0.041859	0.00236293
109	0.016401	0.00394772	-0.0524778	0.00255924	0.0121413	0.00353777	-0.0402409	0.00229955
110	0.0152271	0.00396436	-0.0574322	0.00258484	0.0111806	0.00367982	-0.0451497	0.00236892
111	0.0142777	0.00372288	-0.0549059	0.00244187	0.0115657	0.00342112	-0.0373367	0.00225504
112	0.0183831	0.00378777	-0.0617876	0.00250104	0.0105392	0.00383797	-0.0466965	0.00243718
113	0.0171863	0.00371972	-0.0555968	0.00245819	0.0125877	0.00352509	-0.040349	0.00229919
114	0.0156711	0.00372023	-0.0611919	0.00245092	0.011872	0.0036221	-0.0466108	0.00234934
115	0.0180667	0.00397476	-0.0555732	0.00258428	0.0116577	0.00351275	-0.0387605	0.00229731
116	0.0145593	0.00386546	-0.063367	0.00251404	0.00997382	0.00393655	-0.0488682	0.00249563
117	0.0178643	0.00366509	-0.0580427	0.0024346	0.0124428	0.00364346	-0.0418437	0.00236023
118	0.0206953	0.00393549	-0.0650851	0.00254603	0.0128023	0.00373909	-0.0481547	0.00240606
119	0.0183991	0.00386413	-0.0593393	0.00251793	0.0133097	0.00367526	-0.0421665	0.00237486
120	0.0169213	0.00393451	-0.0666411	0.00256868	0.0128228	0.0038409	-0.047803	0.00243481
121	0.0215209	0.00385841	-0.0597841	0.00250879	0.0134946	0.00362153	-0.0427377	0.00235299
122	0.0105068	0.00391427	-0.0662691	0.0025515	0.0138012	0.00379804	-0.0486345	0.00242917
123	0.0197622	0.00386941	-0.0590139	0.00252429	0.0137762	0.00368262	-0.0401718	0.00237159
124	0.0145449	0.00388653	-0.068437	0.00252845	0.0118604	0.0037785	-0.0481311	0.00241191
125	0.0188296	0.00396649	-0.0594063	0.00260041	0.0114181	0.00367551	-0.0437801	0.00235677
126	0.0181881	0.00398047	-0.0674993	0.00257339	0.0125742	0.00379466	-0.0478869	0.00242826
127	0.0172208	0.00382177	-0.0627733	0.00251748	0.0132652	0.00369403	-0.045411	0.00237246
128	0.0209127	0.00400377	-0.0624145	0.00260356	0.0136396	0.00378648	-0.0448276	0.0024156
129	0.0204812	0.00381463	-0.06128	0.0024942	0.0131692	0.00374678	-0.0439647	0.0024074
130	0.0144986	0.00401052	-0.0611443	0.00260851	0.016597	0.00365181	-0.0456846	0.00237377
131	0.0167665	0.00373941	-0.0634278	0.00245759	0.0120636	0.00352295	-0.0429573	0.00230149
132	0.0185883	0.0038359	-0.0616152	0.00253957	0.013458	0.00364227	-0.0448471	0.00236812
133	0.0163117	0.00385265	-0.0626941	0.00252599	0.0118682	0.0037612	-0.0480496	0.00240757
134	0.0185173	0.00395412	-0.0631124	0.00256275	0.0111782	0.00364651	-0.0450736	0.00236177
135	0.014698	0.00407722	-0.0631243	0.00263578	0.0144562	0.0035904	-0.0456848	0.00235531
136	0.0199975	0.00379935	-0.0620422	0.00248523	0.0122236	0.00378953	-0.0449168	0.00240609
137	0.0182944	0.00397301	-0.0642999	0.0025916	0.0131163	0.00369356	-0.0468565	0.00237792
138	0.0164832	0.00383357	-0.063274	0.00251748	0.01405	0.0037293	-0.0449184	0.00240014
139	0.0175127	0.00377978	-0.0633503	0.00247037	0.0136316	0.00372637	-0.0452664	0.00237906
140	0.0181291	0.00398962	-0.0645801	0.00259417	0.0125241	0.00377969	-0.048852	0.00242384
141	0.0052765	0.00205468	-0.00306836	0.00117536	0.00158805	0.00185771	-0.0036809	0.00119208
142	-0.0230125	0.003029	0.109126	0.00196587	-0.0143154	0.00381015	0.0727809	0.00241395
143	-0.156323	0.00305372	0.637892	0.00201402	-0.0991775	0.0040084	0.443166	0.00256204
144	-0.34996	0.00372137	1.412	0.00246065	-0.225272	0.00390399	0.987975	0.00255836
145	-0.496108	0.00353588	1.93424	0.00238316	-0.317795	0.00394009	1.35445	0.00249732
146	-0.616017	0.00354139	2.32184	0.00241247	-0.389915	0.00404158	1.63347	0.00261302
147	-0.728092	0.00421478	2.69567	0.00271025	-0.464482	0.00375292	1.90802	0.00245351
148	-0.854319	0.00358082	3.14247	0.00250335	-0.551819	0.00371775	2.24577	0.00236828
149	-0.980287	0.00335975	3.57172	0.00231667	-0.632779	0.00386737	2.56008	0.0025082
150	-1.08666	0.00361744	3.8979	0.00253477	-0.707631	0.00381032	2.80529	0.00245301
151	-1.16649	0.00403894	4.14421	0.0026643	-0.764412	0.00360091	2.98533	0.00235916
152	-1.21941	0.00350672	4.32588	0.00249551	-0.798132	0.00378665	3.11793	0.00242237
153	-1.27399	0.00350983	4.45058	0.00251517	-0.837737	0.00366676	3.21128	0.00239374
154	-1.30036	0.00374029	4.54483	0.00256111	-0.850893	0.00350462	3.28187	0.00233125
155	-1.31901	0.00350555	4.60233	0.00246839	-0.860839	0.00376127	3.32628	0.0024323
156	-1.325	0.00329398	4.64218	0.00227182	-0.866652	0.00376287	3.35936	0.00246117
157	-1.34008	0.00365449	4.67125	0.00253838	-0.871594	0.00370396	3.37853	0.00243863
158	-1.37651	0.00351654	4.78539	0.00244026	-0.898683	0.00394676	3.46111	0.00255516
159	-1.42805	0.00401037	4.92679	0.00271132	-0.931949	0.0039529	3.56494	0.002561
160	-1.48538	0.00406651	5.07069	0.00280804	-0.969778	0.00363342	3.66856	0.00238044
161	-1.54886	0.00346966	5.29784	0.00240822	-1.0128	0.00372862	3.83701	0.00239504
162	-1.66613	0.00336186	5.65399	0.00238694	-1.09315	0.00400417	4.10347	0.00253666
163	-1.91383	0.00331294	6.32271	0.00238497	-1.25287	0.00354894	4.60694	0.00230239
164	-2.23672	0.00353426	7.21029	0.00254118	-1.47599	0.0039337	5.27964	0.00250772
165	-2.5763	0.00370709	8.08489	0.00265135	-1.7083	0.00378924	5.94471	0.002409
166	-2.83298	0.00368686	8.73508	0.00265096	-1.87707	0.00377586	6.44316	0.0024427
167	-3.01286	0.00349688	9.18459	0.00256708	-2.00179	0.00407211	6.7902	0.00256811
168	-3.13635	0.00356282	9.48793	0.00261901	-2.07698	0.00434477	7.01999	0.00263681
169	-3.23263	0.00337794	9.7062	0.00252847	-2.1471	0.00417229	7.18703	0.00257886
170	-3.29775	0.0037228	9.86014	0.00271759	-2.19324	0.0043596	7.30514	0.00266334
171	-3.34399	0.00357548	9.96549	0.00265265	-2.22441	0.0043848	7.38368	0.00269009
172	-3.37448	0.00369826	10.033	0.00266584	-2.24186	0.00421044	7.43981	0.00259246
173	-3.36211	0.00354656	10.0047	0.0025722	-2.23664	0.00433734	7.42378	0.00258609
174	-3.24942	0.00359309	9.76836	0.00263363	-2.16894	0.00415288	7.24864	0.00261793
175	-3.14128	0.00387487	9.52962	0.0027551	-2.09533	0.0040619	7.07857	0.00256566
176	-3.03889	0.00344868	9.30186	0.00257389	-2.03245	0.00424049	6.92126	0.0026685
177	-2.94415	0.00359512	9.08231	0.00263417	-1.98104	0.00431964	6.75982	0.00255744
178	-2.84282	0.00336456	8.83835	0.00245675	-1.90639	0.00373854	6.58179	0.00240109
179	-2.74298	0.00352935	8.58539	0.00257978	-1.83556	0.00382977	6.39973	0.00243776
180	-2.64823	0.00349958	8.3778	0.00251692	-1.78107	0.00414898	6.24363	0.00262071
181	-2.5716	0.00332384	8.17529	0.0024168	-1.73145	0.00403226	6.09342	0.0025441
182	-2.50173	0.00322993	8.01696	0.00238549	-1.68032	0.00395398	5.97592	0.00253212
183	-2.44654	0.00342127	7.8711	0.00244438	-1.64622	0.00388247	5.86602	0.00247502
184	-2.4448	0.00353044	7.86412	0.00250213	-1.64258	0.00405792	5.86331	0.00260485
185	-2.45679	0.00337358	7.89472	0.00247209	-1.64801	0.00381393	5.88418	0.00246918
186	-2.46754	0.00364112	7.92191	0.00259539	-1.65631	0.00349576	5.90553	0.00231883
187	-2.48567	0.00370077	7.9485	0.00261155	-1.66438	0.00359492	5.92247	0.00235524
188	-2.49509	0.00365551	7.98121	0.00260811	-1.6743	0.00374103	5.94537	0.00239923
189	-2.50306	0.00327952	7.99406	0.0023807	-1.67763	0.00389824	5.94924	0.00248687
190	-2.50161	0.00344938	8.00838	0.00254397	-1.6801	0.00400287	5.96274	0.00249234
191	-2.50605	0.00330193	8.0155	0.00243572	-1.68167	0.00385563	5.96866	0.00246871
192	-2.50544	0.00329571	8.01774	0.00243006	-1.68242	0.00400013	5.96962	0.00252259
193	-2.52036	0.00349575	8.03936	0.00252675	-1.68733	0.00388665	5.98869	0.00247583
194	-2.54289	0.00356452	8.10412	0.00252982	-1.70708	0.00389179	6.03281	0.00248784
195	-2.58003	0.00343514	8.1835	0.00249679	-1.73156	0.00404682	6.0852	0.00254133
196	-2.63584	0.00362633	8.32793	0.00262047	-1.76648	0.00369877	6.19269	0.00241351
197	-2.69842	0.00356688	8.47169	0.00254122	-1.79969	0.00364284	6.29619	0.00239997
198	-2.75354	0.00363015	8.5957	0.00259756	-1.83782	0.00406616	6.38926	0.0025744
199	-2.79307	0.00355239	8.70487	0.002576	-1.87134	0.00387764	6.46146	0.00245268
200	-2.83099	0.00346721	8.78411	0.00256503	-1.8902	0.00410858	6.52055	0.00258849
201	-2.86628	0.00379516	8.86379	0.00266527	-1.90975	0.0037957	6.5768	0.00241587
202	-2.91213	0.00353925	8.97715	0.00254043	-1.94023	0.00429896	6.65787	0.00266517
203	-2.96077	0.00363837	9.08722	0.00262753	-1.97572	0.00430042	6.73506	0.00260081
204	-3.0017	0.00347358	9.17643	0.00257139	-1.99894	0.00404175	6.80502	0.00252917
205	-3.03482	0.00380755	9.26303	0.0027188	-2.02337	0.00409932	6.86316	0.00261048
206	-3.06467	0.00353646	9.33004	0.00259655	-2.03809	0.00417191	6.91675	0.00261836
207	-3.08947	0.00402904	9.38774	0.00284883	-2.05415	0.00412565	6.96035	0.00259474
208	-3.11034	0.00331494	9.43676	0.00250564	-2.07285	0.00412921	6.98931	0.00256687
209	-3.1258	0.00341284	9.47218	0.00252295	-2.07861	0.00414546	7.01641	0.00257505
210	-3.132	0.00356929	9.49958	0.00263022	-2.08211	0.004176	7.04012	0.00254761
211	-3.14883	0.00392368	9.51753	0.00281187	-2.09708	0.00419392	7.05451	0.00260684
212	-3.16311	0.00362116	9.53909	0.00267041	-2.11128	0.004135	7.06995	0.00257594
213	-3.15241	0.00374807	9.53892	0.00274138	-2.10853	0.00426585	7.07119	0.00262612
214	-3.1341	0.00361157	9.50923	0.00263011	-2.0749	0.00416702	7.05227	0.00258938
215	-3.11513	0.00348396	9.45129	0.00260657	-2.07675	0.00418978	7.00462	0.00257411
216	-3.09487	0.00371789	9.39785	0.00267711	-2.05499	0.00415755	6.96948	0.00261924
217	-3.06861	0.00337221	9.34717	0.00247539	-2.04132	0.00411351	6.93443	0.00258893
218	-3.04521	0.00334228	9.30171	0.00248776	-2.0331	0.00411876	6.90219	0.00256576
219	-3.02772	0.00353236	9.26231	0.00255724	-2.02308	0.00404862	6.87299	0.00251584
220	-3.01628	0.00366131	9.22968	0.00262542	-2.0162	0.00390436	6.84893	0.00249925
221	-3.00043	0.00347599	9.1999	0.00256871	-2.00482	0.00402058	6.82998	0.00253619
222	-2.98985	0.0033298	9.17049	0.00249725	-1.99821	0.00414456	6.80947	0.00257602
223	-2.99025	0.00326654	9.1797	0.00243355	-1.99701	0.00383891	6.81707	0.00245766
224	-3.01639	0.00377934	9.23199	0.00271173	-2.01922	0.00405496	6.85113	0.00256684
225	-3.04559	0.00350746	9.29615	0.0026233	-2.03165	0.00424613	6.89855	0.00262781
226	-3.07227	0.00344158	9.35635	0.00251487	-2.0457	0.00411406	6.94367	0.00256997
227	-3.10144	0.00375393	9.4119	0.002777	-2.06249	0.00414937	6.97794	0.00256369
228	-3.12281	0.00355477	9.45885	0.0026483	-2.07698	0.0042786	7.01206	0.00259776
229	-3.13655	0.00361781	9.49892	0.00263241	-2.08709	0.00406134	7.04106	0.00252046
230	-3.15038	0.00377009	9.53311	0.00275863	-2.0954	0.00402076	7.06624	0.00255063
231	-3.16376	0.00357158	9.56061	0.00266011	-2.10455	0.00417233	7.08579	0.00259884
232	-3.17202	0.00353792	9.583	0.00261043	-2.1162	0.00401416	7.10082	0.00253852
233	-3.18309	0.00361671	9.59885	0.00261772	-2.12138	0.00407718	7.11441	0.00253536
234	-3.18834	0.00346216	9.61795	0.00253454	-2.12797	0.00395865	7.12368	0.00247386
235	-3.20208	0.00345704	9.63091	0.00254752	-2.13346	0.00381506	7.13665	0.0024501
236	-3.20756	0.00334808	9.64397	0.00245997	-2.14142	0.00382334	7.1465	0.0024153
237	-3.19096	0.00354288	9.64662	0.00258419	-2.12334	0.00397041	7.15045	0.00249044
238	-3.2029	0.00328908	9.65087	0.00243612	-2.13392	0.00407129	7.15348	0.00251767
239	-3.20634	0.003533	9.65523	0.00256199	-2.13616	0.00391904	7.15755	0.00245777
240	-3.20963	0.00342734	9.65864	0.00253551	-2.13661	0.00404518	7.15513	0.002543
241	-3.20814	0.00332179	9.66051	0.00248875	-2.13572	0.00404571	7.1597	0.00258632
242	-3.20752	0.00348147	9.6634	0.00257684	-2.13669	0.00424837	7.16364	0.00265601
243	-3.20822	0.00353033	9.66273	0.00260993	-2.13977	0.0041012	7.16143	0.00260149
244	-3.21273	0.0034593	9.66669	0.00255311	-2.13814	0.00423089	7.16872	0.00265383
245	-3.21001	0.00334088	9.66563	0.00250567	-2.13873	0.00412364	7.16181	0.00257772
246	-3.2111	0.00322478	9.6706	0.00241607	-2.13728	0.00403883	7.16955	0.00254919
247	-3.20892	0.00339729	9.66919	0.00253163	-2.13828	0.00422458	7.16459	0.00263542
248	-3.20753	0.00346185	9.67093	0.00255372	-2.14015	0.00417247	7.16727	0.00260476
249	-3.21142	0.00329069	9.66779	0.00247691	-2.13817	0.00413128	7.16447	0.00259775
250	-3.20898	0.00338301	9.67165	0.00252917	-2.13828	0.00398528	7.16873	0.00251443
251	-3.21204	0.00345674	9.6688	0.00257512	-2.13425	0.00422134	7.16619	0.0026198
252	-3.21357	0.00327646	9.67184	0.00245052	-2.14121	0.00420152	7.17034	0.00264475
253	-3.2105	0.00346363	9.67282	0.00255542	-2.13957	0.0040247	7.16807	0.00255677
254	-3.21442	0.00352511	9.67147	0.00261887	-2.14211	0.00418722	7.16998	0.00261927
255	-3.21224	0.00358464	9.66974	0.00263614	-2.14005	0.0042423	7.16887	0.00266739
256	-3.21423	0.00343064	9.67496	0.00255083	-2.14066	0.00401429	7.17122	0.00251559
257	-3.2105	0.00330909	9.67534	0.00248288	-2.14022	0.00416085	7.17075	0.00259639
258	-3.21462	0.00330161	9.67799	0.00245672	-2.14014	0.00409649	7.17333	0.0025963
259	-3.21453	0.00338195	9.67841	0.00253246	-2.1411	0.00409309	7.17263	0.00259124
260	-3.21541	0.00327047	9.67965	0.00245522	-2.14008	0.00410755	7.17536	0.00259225
261	-3.21766	0.00334087	9.68175	0.00251077	-2.14261	0.00412378	7.17621	0.00260146
262	-3.2196	0.00347229	9.68555	0.00257312	-2.1457	0.00417612	7.17892	0.00265004
263	-3.21697	0.00335457	9.68187	0.00252671	-2.14183	0.00418969	7.1775	0.00263469
264	-3.21907	0.0033085	9.68414	0.00249724	-2.14313	0.0042148	7.1793	0.00264795
265	-3.22043	0.00342022	9.68767	0.00259031	-2.14134	0.00409881	7.18054	0.00258223
266	-3.21955	0.00332883	9.68806	0.00250066	-2.14324	0.00430524	7.18293	0.00268491
267	-3.21902	0.00337179	9.68969	0.00252558	-2.14306	0.00422543	7.1813	0.00265267
268	-3.22406	0.00324391	9.69019	0.00244333	-2.14419	0.00408657	7.18366	0.00260362
269	-3.22064	0.00333367	9.69424	0.00249893	-2.1432	0.00410825	7.18597	0.00261121
270	-3.22416	0.00342975	9.69213	0.00257851	-2.14679	0.00419982	7.18513	0.0026395
271	-3.21558	0.00331849	9.7005	0.00246923	-2.13973	0.00415624	7.18894	0.00261605
272	-3.20853	0.00338612	9.69842	0.00253999	-2.12668	0.0038895	7.19197	0.0024764
273	-3.22441	0.00320012	9.69745	0.00241866	-2.14507	0.00415092	7.18765	0.00260227
274	-3.22944	0.00333583	9.6958	0.00249275	-2.14737	0.00415111	7.18789	0.00266779
275	-3.22955	0.00345193	9.7016	0.00258437	-2.14908	0.00408107	7.19222	0.00259933
276	-3.22849	0.00332531	9.70315	0.00249961	-2.14863	0.00412442	7.1956	0.00260371
277	-3.22886	0.00337224	9.70716	0.00252451	-2.14881	0.00407246	7.19334	0.00257143
278	-3.22809	0.00333392	9.70673	0.00250285	-2.14902	0.00411674	7.19794	0.00259146
279	-3.22667	0.00344413	9.70496	0.00256381	-2.14951	0.00406009	7.19647	0.00258961
280	-3.23058	0.00346889	9.70752	0.00259565	-2.15146	0.00410959	7.19733	0.00259819
281	-3.23194	0.00339996	9.71199	0.00254828	-2.15257	0.00409115	7.19743	0.00258471
282	-3.23518	0.00344285	9.71166	0.00255277	-2.15121	0.00421604	7.20212	0.00269128
283	-3.23348	0.00336134	9.71679	0.00250323	-2.15007	0.00411408	7.20085	0.00258676
284	-3.23202	0.00344932	9.7206	0.00256343	-2.15314	0.00419925	7.20188	0.00261268
285	-3.23306	0.00347043	9.71643	0.00259027	-2.15121	0.00425838	7.20478	0.00269032
286	-3.23387	0.00352056	9.71798	0.00260297	-2.15335	0.00395472	7.20462	0.00249786
287	-3.23402	0.00361489	9.71922	0.0026494	-2.15293	0.00408325	7.20444	0.00260791
288	-3.2362	0.00366086	9.72145	0.00268412	-2.15271	0.0041462	7.20597	0.00261276
289	-3.23653	0.00341128	9.72385	0.00254576	-2.15335	0.00398995	7.2071	0.00253787
290	-3.23599	0.0034839	9.72398	0.00258759	-2.15515	0.00413287	7.20704	0.00259799
291	-3.23725	0.00361454	9.72464	0.00266302	-2.15388	0.00401732	7.20694	0.00255802
292	-3.24026	0.00357669	9.72548	0.00262448	-2.15488	0.00396443	7.20866	0.00253022
293	-3.23822	0.00374693	9.72733	0.00275724	-2.15591	0.00406549	7.21065	0.00257412
294	-3.23725	0.00350773	9.72709	0.00261856	-2.15752	0.00399763	7.20985	0.00250697
295	-3.24215	0.00354512	9.73021	0.00261004	-2.1572	0.00405828	7.21075	0.00257686
296	-3.24016	0.00341329	9.73109	0.00253646	-2.15668	0.00409935	7.2115	0.00261513
297	-3.24362	0.00352573	9.73186	0.00261784	-2.15803	0.00412975	7.2125	0.00260587
298	-3.23732	0.00355265	9.73343	0.00264356	-2.15685	0.00400668	7.21544	0.00254857
299	-3.23821	0.00358929	9.73154	0.00265994	-2.15918	0.00404016	7.21483	0.00258981
300	-3.23924	0.00358495	9.73268	0.00265687	-2.15936	0.00407703	7.21514	0.00258837
301	-3.24065	0.00362625	9.73463	0.00264928	-2.16033	0.00396225	7.21635	0.00254534
302	-3.24182	0.00353865	9.73574	0.00261658	-2.16091	0.00415071	7.21633	0.00261393
303	-3.24332	0.00350263	9.73305	0.00259458	-2.15976	0.0039781	7.21483	0.00256532
304	-3.24494	0.00382718	9.73545	0.00276648	-2.15986	0.00404993	7.2164	0.00258742
305	-3.24769	0.00353316	9.74545	0.00261555	-2.16189	0.00390739	7.22073	0.00249105
306	-3.2924	0.00367683	9.8405	0.00271647	-2.19044	0.00446935	7.29154	0.00267203
307	-3.35413	0.00349301	9.97583	0.00259835	-2.23201	0.00425677	7.38479	0.00258556
308	-3.41634	0.00341555	10.1088	0.00253661	-2.26884	0.004234	7.48566	0.00260195
309	-3.48017	0.00347307	10.259	0.00253939	-2.31232	0.00443711	7.60209	0.00266274
310	-3.53597	0.00356086	10.3824	0.00259608	-2.34845	0.00454818	7.69407	0.00271626
311	-3.60671	0.003506	10.5295	0.00254876	-2.39423	0.00412371	7.80776	0.00250783
312	-3.71975	0.00357872	10.7748	0.00261	-2.46901	0.00453792	7.98653	0.00269458
313	-3.86668	0.00318796	11.0884	0.00241509	-2.5637	0.00450458	8.22512	0.00266362
314	-4.05465	0.00347104	11.5012	0.002618	-2.69249	0.00431116	8.53207	0.00260232
315	-4.33662	0.00352698	12.1102	0.00264497	-2.88625	0.0043218	9.00993	0.00265507
316	-4.59495	0.00341334	12.6501	0.0025808	-3.0486	0.004299	9.4288	0.00254435
317	-4.77615	0.00380736	13.0245	0.0028154	-3.1803	0.00440567	9.72474	0.00266443
318	-4.90894	0.00373549	13.288	0.00277951	-3.26881	0.00449053	9.92343	0.00278448
319	-5.07076	0.00320103	13.5927	0.00242549	-3.36894	0.004587	10.1561	0.00286366
320	-5.21515	0.0037183	13.8938	0.00276642	-3.47067	0.00454484	10.3877	0.00279021
321	-5.34426	0.00331197	14.1343	0.00252222	-3.55428	0.00440993	10.5761	0.00269618
322	-5.43632	0.00398619	14.3113	0.00288624	-3.6194	0.0045008	10.7161	0.00274563
323	-5.5366	0.003193	14.4937	0.0025082	-3.6823	0.00470021	10.8609	0.00280937
324	-5.65223	0.00378631	14.717	0.00291595	-3.76401	0.00446094	11.0294	0.00277921
325	-5.76581	0.00349153	14.9322	0.00263468	-3.84293	0.00445421	11.1921	0.00277617
326	-5.86504	0.00365783	15.1104	0.0027774	-3.90715	0.00430454	11.3331	0.0027218
327	-5.94387	0.00381303	15.2545	0.00291666	-3.96208	0.00441296	11.4463	0.0027721
328	-6.04669	0.00374292	15.4472	0.0028063	-4.03117	0.00445632	11.5931	0.00277937
329	-6.25139	0.00334773	15.8075	0.00261132	-4.16633	0.00429552	11.8697	0.00271866
330	-6.44791	0.00390809	16.1527	0.00291117	-4.30011	0.00447886	12.1366	0.0028521
331	-6.61	0.00387716	16.4397	0.00298378	-4.40692	0.00445496	12.3587	0.00286959
332	-6.74904	0.00401204	16.678	0.00298021	-4.50218	0.00443978	12.5518	0.00290982
333	-6.92899	0.00365435	17.0025	0.00280131	-4.62835	0.00458743	12.7976	0.00287665
334	-7.14299	0.00394438	17.3445	0.00295305	-4.76308	0.00468933	13.0686	0.00294527
335	-7.317	0.0035808	17.6424	0.00277572	-4.88745	0.00459734	13.3049	0.00285001
336	-7.45893	0.00363979	17.8818	0.00277555	-4.98271	0.0046052	13.4957	0.00289016
337	-7.57163	0.00387073	18.0672	0.00296811	-5.05808	0.00462749	13.6376	0.00289907
338	-7.66446	0.00397419	18.2092	0.00300419	-5.11774	0.00476029	13.7532	0.00284986
339	-7.72563	0.00385956	18.3269	0.00297871	-5.16083	0.0047377	13.8418	0.00300147
340	-7.78926	0.00341537	18.4108	0.002655	-5.20121	0.0047041	13.9107	0.00297204
341	-7.82154	0.00411292	18.4815	0.00310371	-5.23552	0.0043728	13.9634	0.00276274
342	-7.88975	0.00357687	18.587	0.0028091	-5.27559	0.00455666	14.0465	0.00284325
343	-7.94607	0.00369998	18.681	0.00287244	-5.30367	0.00440897	14.1202	0.00288192
344	-8.0109	0.00384458	18.7631	0.0029231	-5.35385	0.0045044	14.182	0.00288483
345	-8.05107	0.00358333	18.8447	0.0028266	-5.37782	0.0043063	14.2455	0.0028437
346	-8.10894	0.00386484	18.9024	0.00297491	-5.4175	0.00432089	14.2997	0.00281591
347	-8.14378	0.00327915	18.9501	0.00258723	-5.43881	0.0042993	14.3327	0.00282967
348	-8.15795	0.00392934	18.993	0.00306185	-5.45042	0.00430471	14.366	0.00286366
349	-8.20855	0.00390607	19.0361	0.00303465	-5.48922	0.00414962	14.4003	0.00281347
350	-8.23898	0.00383513	19.1026	0.00292737	-5.50674	0.00420605	14.4519	0.00277851
351	-8.28984	0.00371494	19.2121	0.00282536	-5.53481	0.00433854	14.5399	0.00288512
352	-8.38024	0.00380428	19.3119	0.00292864	-5.59643	0.00417938	14.6144	0.00274119
353	-8.44603	0.00413287	19.4169	0.00314644	-5.64297	0.00441194	14.6921	0.00289623
354	-8.5028	0.00385345	19.5051	0.00292525	-5.68755	0.0043655	14.7587	0.00278934
355	-8.57108	0.0038305	19.5904	0.00294744	-5.72308	0.00451997	14.8288	0.0029248
356	-8.63303	0.00389616	19.7038	0.00299786	-5.77362	0.00465388	14.9154	0.00288293
357	-8.72641	0.00399495	19.8391	0.00309567	-5.83212	0.00464606	15.0248	0.00292952
358	-8.81071	0.00393264	19.9625	0.00304404	-5.88155	0.00468576	15.1198	0.00290012
359	-8.87698	0.00429409	20.0699	0.00325327	-5.92974	0.00446285	15.2059	0.00289416
360	-8.93885	0.0038727	20.1635	0.00295193	-5.97218	0.00469297	15.2757	0.00298358
361	-8.99337	0.00413072	20.2347	0.0032048	-6.00636	0.00482814	15.3388	0.00307786
362	-9.03265	0.00390604	20.3065	0.00299173	-6.04188	0.00467769	15.3911	0.00294081
363	-9.07599	0.00370214	20.3613	0.00288846	-6.06863	0.00464221	15.4341	0.00301195
364	-9.10078	0.00378004	20.4111	0.00288986	-6.08112	0.00472998	15.4736	0.00304361
365	-9.12975	0.00414543	20.4488	0.00320496	-6.10002	0.00466364	15.5068	0.00305379
366	-9.15536	0.00407791	20.4844	0.00314784	-6.12184	0.0048212	15.5326	0.00300618
367	-9.1775	0.00380427	20.5195	0.00293682	-6.1379	0.00491532	15.5599	0.002969
368	-9.19933	0.00363433	20.5475	0.00281468	-6.15152	0.00476897	15.5805	0.00299082
369	-9.21135	0.00379624	20.5704	0.00297789	-6.15679	0.00462164	15.6034	0.00296716
370	-9.22833	0.00404998	20.5873	0.00315309	-6.17149	0.00467948	15.6214	0.00289646
371	-9.24585	0.00393771	20.6092	0.00304005	-6.17832	0.00461694	15.6367	0.00291647
372	-9.25862	0.00394898	20.6297	0.0030242	-6.19157	0.00480648	15.6514	0.00291359
373	-9.27064	0.00368851	20.6482	0.00285677	-6.20109	0.00485977	15.6668	0.00294064
374	-9.27837	0.00390519	20.6635	0.00295123	-6.20747	0.00495073	15.678	0.00298525
375	-9.29083	0.0038462	20.6803	0.0029466	-6.21061	0.00481324	15.6925	0.00296234
376	-9.30127	0.0039365	20.6968	0.0030165	-6.21632	0.00485546	15.7025	0.00307627
377	-9.31361	0.00380968	20.7117	0.00297133	-6.21902	0.0049175	15.716	0.00310178
378	-9.32289	0.00395615	20.7238	0.00305187	-6.22611	0.00497756	15.7272	0.00311094
379	-9.33332	0.00388582	20.7379	0.00297052	-6.23474	0.0050407	15.7394	0.00310315
380	-9.34358	0.00375868	20.7498	0.00289366	-6.23965	0.00477483	15.747	0.00294832
381	-9.35565	0.00382001	20.7623	0.00298873	-6.24611	0.0046652	15.7597	0.00288587
382	-9.3609	0.00388298	20.7762	0.00297762	-6.25393	0.00477844	15.7701	0.002904
383	-9.36585	0.00397186	20.7863	0.0030106	-6.26014	0.00477258	15.775	0.00295727
384	-9.37414	0.00405468	20.7985	0.00305818	-6.26733	0.00477709	15.7835	0.00286847
385	-9.37939	0.00398819	20.8107	0.00300837	-6.27771	0.00477032	15.7915	0.00296927
386	-9.38575	0.00411972	20.8183	0.0031227	-6.28483	0.00485131	15.799	0.00296092
387	-9.39319	0.00402757	20.8285	0.00312707	-6.28823	0.00485582	15.8074	0.0029578
388	-9.39934	0.00392432	20.8412	0.00307457	-6.29347	0.00471498	15.8169	0.00292504
389	-9.40346	0.00419014	20.8474	0.0032244	-6.29181	0.00474535	15.8268	0.00286262
390	-9.41557	0.00407765	20.8582	0.00319054	-6.30136	0.00472795	15.8323	0.00291059
391	-9.42368	0.00394156	20.8656	0.00311762	-6.30684	0.0046741	15.8384	0.00292798
392	-9.4281	0.00394526	20.8765	0.00312069	-6.30255	0.00465379	15.8473	0.00291803
393	-9.43361	0.00374093	20.8878	0.0028908	-6.30611	0.00453121	15.8577	0.00283557
394	-9.44278	0.00386797	20.8992	0.00297025	-6.31065	0.00460449	15.8668	0.00292415
395	-9.44624	0.00381639	20.9103	0.00290806	-6.31197	0.0046918	15.8732	0.00292306
396	-9.45437	0.00368492	20.9182	0.00278403	-6.31479	0.00468555	15.8803	0.00296357
397	-9.46412	0.00385107	20.9247	0.00293009	-6.32336	0.00475063	15.8865	0.00297177
398	-9.46653	0.00370496	20.9376	0.00283077	-6.32205	0.00475086	15.8961	0.00289079
399	-9.47171	0.00376855	20.9436	0.00283178	-6.33116	0.00480867	15.8975	0.00291099
400	-9.47857	0.00386075	20.9529	0.00291523	-6.33486	0.00472742	15.9044	0.00289553
401	-9.48201	0.00391151	20.9599	0.00299959	-6.33634	0.0045392	15.9118	0.0028469
402	-9.4897	0.00395567	20.9685	0.00303454	-6.3433	0.00481558	15.9153	0.00295658
403	-9.49278	0.00401763	20.974	0.00306386	-6.34907	0.00471469	15.9209	0.00290834
404	-9.50372	0.00400983	20.9828	0.00309367	-6.35068	0.00473592	15.9277	0.00299154
405	-9.50459	0.00403963	20.9904	0.00313172	-6.35509	0.00471369	15.9347	0.00290072
406	-9.51052	0.0040925	20.994	0.00316904	-6.35982	0.00475707	15.939	0.00298435
407	-9.51275	0.0041135	21.0042	0.0031982	-6.36112	0.00480474	15.9471	0.00297541
408	-9.52521	0.00426751	21.0114	0.00329734	-6.3654	0.00486091	15.9531	0.00304063
409	-9.52812	0.00397799	21.0181	0.00313269	-6.37194	0.00503511	15.9602	0.00306603
410	-9.53036	0.00397628	21.0278	0.00310121	-6.3732	0.00499669	15.9632	0.00307933
411	-9.53562	0.00404563	21.0345	0.00314593	-6.37652	0.00497985	15.9728	0.0031093
412	-9.5387	0.00405577	21.0438	0.00313027	-6.37723	0.00491577	15.9756	0.00304342
413	-9.54655	0.00404917	21.0495	0.00305362	-6.3823	0.00476546	15.9837	0.00296924
414	-9.55268	0.00393998	21.0563	0.00304236	-6.38374	0.00485231	15.9888	0.00301763
415	-9.55811	0.00385602	21.0615	0.00299062	-6.38848	0.00475162	15.9928	0.00294938
416	-9.57521	0.00382504	21.0901	0.00307221	-6.40039	0.00443771	16.0138	0.0028501
417	-9.71833	0.00371331	21.2727	0.00288372	-6.48566	0.00476974	16.1532	0.00299485
418	-9.90987	0.00412114	21.5328	0.0031761	-6.61862	0.00496055	16.3505	0.00316245
419	-10.0786	0.00405485	21.752	0.00310805	-6.72533	0.00491202	16.5273	0.00312277
420	-10.2346	0.00390174	21.9754	0.00291034	-6.83432	0.00464799	16.6968	0.00301685
421	-10.5152	0.0040888	22.3402	0.00305073	-7.02632	0.00461608	16.9854	0.00304234
422	-10.8752	0.00389186	22.8296	0.00302276	-7.26653	0.00440441	17.3752	0.00296806
423	-11.1891	0.00368596	23.234	0.00293734	-7.47524	0.00462975	17.7069	0.00306413
424	-11.4203	0.00380768	23.5324	0.0030562	-7.63333	0.00480731	17.9442	0.0031718
425	-11.7131	0.00366356	23.9079	0.00294278	-7.82906	0.00466854	18.2469	0.00318102
426	-12.105	0.0038025	24.3909	0.00290102	-8.09442	0.00474081	18.6265	0.00323251
427	-12.5449	0.00424264	24.9426	0.00328702	-8.39127	0.00489262	19.0804	0.00328323
428	-12.9051	0.00416662	25.3874	0.00324545	-8.63931	0.00462317	19.4487	0.00315813
429	-13.1515	0.00343692	25.6919	0.00277029	-8.81534	0.00463855	19.6885	0.00324108
430	-13.3448	0.00378876	25.9107	0.00303201	-8.9393	0.00468745	19.8746	0.00316746
431	-13.5627	0.00405937	26.1579	0.00329944	-9.08751	0.00464303	20.076	0.00323148
432	-13.7504	0.00386411	26.3916	0.0030974	-9.21864	0.00453862	20.2615	0.00318506
433	-13.8944	0.0039959	26.5493	0.00322617	-9.3154	0.00458119	20.3883	0.00317346
434	-14.0375	0.00375655	26.6987	0.00307932	-9.40994	0.00475691	20.5123	0.00328709
435	-14.313	0.00392763	26.996	0.00320987	-9.59866	0.00476192	20.7514	0.00328248
436	-14.6662	0.00418843	27.3872	0.00332277	-9.82971	0.00431634	21.066	0.00309997
437	-15.028	0.00390844	27.7622	0.00314943	-10.0798	0.00420542	21.3769	0.00306939
438	-15.3199	0.00381161	28.07	0.00311634	-10.2741	0.00415982	21.6312	0.00300525
439	-15.542	0.00390645	28.3259	0.0031839	-10.4351	0.00392469	21.8431	0.00287471
440	-15.7629	0.00391085	28.5404	0.00330114	-10.5794	0.00384844	22.0258	0.00292513
441	-15.9596	0.00398931	28.7602	0.00323451	-10.7192	0.00393058	22.204	0.00294675
442	-16.1318	0.00389599	28.931	0.00329546	-10.8396	0.00402595	22.3458	0.00299683
443	-16.2735	0.00383183	29.0816	0.00325818	-10.935	0.00376524	22.4776	0.00286167
444	-16.3824	0.00407804	29.1912	0.00347794	-11.0027	0.00434055	22.5697	0.00321835
445	-16.4692	0.00414827	29.2851	0.00337447	-11.0698	0.00421595	22.6469	0.00316045
446	-16.5489	0.00387642	29.3661	0.00318607	-11.1218	0.00444168	22.7173	0.00330751
447	-16.6889	0.00404747	29.5036	0.00327085	-11.2181	0.00433448	22.8272	0.00317808
448	-16.8247	0.00397013	29.6321	0.00315526	-11.3049	0.00426762	22.9361	0.00320314
449	-16.9389	0.00409901	29.749	0.00338237	-11.3818	0.00449749	23.0268	0.00326925
450	-17.0434	0.00403205	29.8407	0.00328334	-11.4561	0.00436728	23.1057	0.00324822
451	-17.2552	0.00411604	30.0457	0.0032084	-11.5999	0.0044986	23.2742	0.00334723
452	-17.5099	0.00395323	30.2607	0.0035335	-11.754	0.00470831	23.4524	0.00345345
453	-17.7102	0.00412025	30.4626	0.00312653	-11.8934	0.00482885	23.6146	0.00350263
454	-17.8644	0.00406586	30.6094	0.00310751	-12.0079	0.0048272	23.7378	0.00349538
455	-17.9935	0.00396406	30.7272	0.00293312	-12.0925	0.00482871	23.8382	0.00354836
456	-18.1019	0.00432749	30.8193	0.00337461	-12.166	0.00486961	23.9172	0.00345695
457	-18.1894	0.00437428	30.9024	0.00399313	-12.2242	0.00475869	23.9958	0.00349832
458	-18.2614	0.00413781	30.9782	0.00327788	-12.277	0.00461226	24.0522	0.00353797
459	-18.3263	0.00434311	31.0389	0.00347107	-12.3162	0.00478779	24.102	0.00352142
460	-18.3795	0.00427876	31.0865	0.00337658	-12.3557	0.00434924	24.1505	0.00329677
461	-18.4345	0.00385372	31.127	0.0036318	-12.392	0.00459312	24.1781	0.0033712
462	-18.4715	0.00449785	31.1684	0.0041404	-12.411	0.00498748	24.2139	0.00365175
463	-18.5056	0.00412993	31.1959	0.00330913	-12.4326	0.00492129	24.2391	0.00364286
464	-18.5055	0.00410532	31.2026	0.00338223	-12.4391	0.00478955	24.247	0.00359201
465	-18.4086	0.00402027	31.1264	0.00315372	-12.3836	0.00443282	24.182	0.00340899
466	-18.3075	0.00427615	31.0461	0.00344039	-12.3037	0.00453672	24.124	0.00352386
467	-18.2236	0.00440926	30.9731	0.00350321	-12.2622	0.00481364	24.0585	0.00355865
468	-18.1746	0.00407286	30.9253	0.00379547	-12.2279	0.00444043	24.0251	0.00341801
469	-18.1274	0.00406923	30.8951	0.0031893	-12.1979	0.00460874	23.9973	0.0034879
470	-18.1101	0.00408849	30.877	0.00324359	-12.1757	0.00451771	23.981	0.00347968
471	-18.0992	0.0040901	30.867	0.00320881	-12.1633	0.00428443	23.9744	0.00340603
472	-18.0918	0.00435448	30.8642	0.00341785	-12.1645	0.00464335	23.9682	0.00347554
473	-18.0968	0.00437583	30.8659	0.0034863	-12.1634	0.00473534	23.971	0.00358557
474	-18.1252	0.00430849	30.8956	0.00334927	-12.1935	0.00486196	23.998	0.00357474
475	-18.2188	0.00424275	30.9699	0.00331713	-12.2588	0.00506206	24.0569	0.00359975
476	-18.2827	0.00391393	31.0261	0.00316124	-12.2833	0.00425965	24.1102	0.00342519
477	-18.3407	0.00437424	31.074	0.00349686	-12.3338	0.00430107	24.1453	0.00331236
478	-18.3924	0.00405349	31.1186	0.0032053	-12.3735	0.00449534	24.178	0.00342655
479	-18.4401	0.00418041	31.1581	0.00389733	-12.3995	0.00497948	24.2086	0.00356617
480	-18.4603	0.00451842	31.1769	0.00366559	-12.4085	0.00484887	24.2272	0.00363733
481	-18.4945	0.00405676	31.2038	0.00325703	-12.4283	0.00481861	24.2523	0.0036189
482	-18.5406	0.00369817	31.231	0.00345651	-12.4626	0.00440355	24.2735	0.00331773
483	-18.5777	0.00412692	31.2777	0.00377278	-12.4889	0.00459497	24.3105	0.00341239
484	-18.6334	0.0042575	31.3086	0.00389382	-12.5274	0.00477258	24.3336	0.00353414
485	-18.6639	0.00411345	31.3485	0.00330337	-12.5395	0.00491725	24.373	0.00367752
486	-18.6981	0.00382512	31.3775	0.00360379	-12.5662	0.00489433	24.3921	0.00358622
487	-18.7215	0.00415971	31.3967	0.00384617	-12.5849	0.00446906	24.4081	0.00349043
488	-18.7352	0.00423302	31.4134	0.00342652	-12.5992	0.00412854	24.4217	0.00323249
489	-18.7548	0.0042419	31.4271	0.00350727	-12.6138	0.00435851	24.434	0.00334733
490	-18.7864	0.00429869	31.452	0.00351486	-12.6357	0.00455852	24.4544	0.00340972
491	-18.7994	0.00432494	31.4672	0.00339741	-12.6476	0.00457769	24.4627	0.0034648
492	-18.8145	0.00439318	31.4821	0.00358852	-12.6562	0.00454548	24.4791	0.00349781
493	-18.8424	0.00409809	31.4959	0.00383645	-12.6671	0.00466464	24.4899	0.00347173
494	-18.8611	0.00428514	31.5141	0.00390643	-12.6768	0.00468483	24.5047	0.00346541
495	-18.8707	0.00427793	31.5198	0.00388801	-12.6845	0.00472651	24.5095	0.00356638
496	-18.8965	0.00424491	31.5399	0.00390089	-12.6989	0.00455611	24.5266	0.00345215
497	-18.8935	0.00406813	31.5502	0.00328482	-12.703	0.00445705	24.5349	0.00341874
498	-18.9092	0.00422486	31.5576	0.00339456	-12.7118	0.0042814	24.5447	0.00339765
499	-18.9145	0.00453252	31.5674	0.00343136	-12.7227	0.0040021	24.5526	0.00322467
500	-18.926	0.00460614	31.5831	0.00335924	-12.7321	0.00411893	24.5634	0.00327662
501	-18.9429	0.00420608	31.5928	0.00335305	-12.7442	0.00420305	24.5722	0.00330706
502	-18.9668	0.00395499	31.6042	0.00373885	-12.751	0.00433686	24.5819	0.00334606
503	-18.9815	0.00405543	31.6166	0.00381574	-12.7627	0.00454762	24.5926	0.00346658
504	-18.9909	0.00435109	31.6219	0.0039556	-12.7685	0.00440235	24.5973	0.00340965
505	-19.0089	0.00425987	31.6352	0.00382755	-12.7778	0.00446893	24.6067	0.00342465
506	-19.0245	0.0040565	31.6513	0.00371268	-12.7891	0.00457448	24.6218	0.00344543
507	-19.0258	0.00403755	31.6588	0.00327071	-12.7951	0.00454291	24.6277	0.00345985
508	-19.0435	0.00457406	31.674	0.00344121	-12.8072	0.00477654	24.6411	0.00344417
509	-19.0472	0.00405166	31.6788	0.00330443	-12.8103	0.00459895	24.6448	0.00342711
510	-19.056	0.00409187	31.6934	0.0032628	-12.8172	0.00454265	24.6546	0.00342497
511	-19.068	0.00451009	31.6969	0.00363134	-12.8257	0.0044249	24.6616	0.00341576
512	-19.0764	0.00453955	31.7145	0.00368757	-12.8312	0.00428009	24.6811	0.00332037
513	-19.0898	0.00436238	31.7185	0.00364679	-12.8418	0.00415475	24.6802	0.00329776
514	-19.1061	0.00410116	31.7285	0.00392597	-12.8488	0.00432972	24.6922	0.00332751
515	-19.1201	0.00432006	31.7326	0.00403996	-12.8578	0.00426389	24.6966	0.00330978
516	-19.1366	0.00409315	31.7491	0.00374602	-12.8655	0.00429154	24.7088	0.00335885
517	-19.1478	0.0042068	31.7523	0.00387111	-12.8692	0.00437619	24.7117	0.00337216
518	-19.1602	0.00388969	31.7703	0.00356966	-12.8807	0.00433287	24.7236	0.00333563
519	-19.1685	0.00446319	31.7791	0.00327427	-12.8922	0.00444608	24.7293	0.00343757
520	-19.1725	0.00389412	31.7888	0.00307508	-12.8962	0.00449455	24.7366	0.00344108
521	-19.1833	0.00413993	31.8051	0.00322745	-12.9115	0.00471095	24.746	0.00352334
522	-19.1908	0.00422414	31.8093	0.00335734	-12.9138	0.00453662	24.7538	0.00339748
523	-19.1995	0.00411915	31.818	0.00328272	-12.9193	0.00458608	24.7597	0.00346679
524	-19.2168	0.00419515	31.8265	0.00395147	-12.9224	0.00447845	24.771	0.00337198
525	-19.2159	0.00424191	31.8309	0.00346942	-12.9269	0.00457438	24.773	0.00336675
526	-19.2266	0.00429203	31.8421	0.00355563	-12.9361	0.00467293	24.7845	0.00350919
527	-19.2425	0.00421869	31.8471	0.00400544	-12.9412	0.00460833	24.7892	0.00348504
528	-19.2503	0.00393462	31.8507	0.00370832	-12.9439	0.00451849	24.7935	0.00346532
529	-19.2598	0.00423117	31.8627	0.00342674	-12.9525	0.00442426	24.8052	0.00342796
530	-19.2747	0.00400078	31.8702	0.00325112	-12.9643	0.00432342	24.8101	0.00335957
531	-19.2881	0.00420194	31.8775	0.00391399	-12.9635	0.00425116	24.8183	0.00331823
532	-19.292	0.00397302	31.8865	0.0031681	-12.9714	0.004138	24.8243	0.00332657
533	-19.2933	0.00399563	31.8937	0.00323233	-12.9779	0.00429287	24.8308	0.00346382
534	-19.3098	0.0040016	31.8988	0.00312246	-12.9828	0.00429072	24.8343	0.00339443
535	-19.3085	0.00398668	31.9058	0.00314762	-12.986	0.00451743	24.8389	0.00347711
536	-19.3259	0.00393619	31.9214	0.00306655	-12.9985	0.00444997	24.8486	0.0034743
537	-19.3301	0.00412879	31.9288	0.00320764	-13.0032	0.00444371	24.8544	0.00346806
538	-19.3392	0.00429992	31.9369	0.00338147	-13.0125	0.00460832	24.8603	0.00358272
539	-19.358	0.00402685	31.9422	0.00375403	-13.0162	0.00450294	24.8642	0.00353172
540	-19.3652	0.00423419	31.9506	0.00388162	-13.0212	0.00450295	24.8731	0.00345184
541	-19.3709	0.00418472	31.9534	0.00390182	-13.0259	0.00466111	24.8747	0.00354632
542	-19.3748	0.00402714	31.9618	0.00333818	-13.02	0.00426629	24.8911	0.00343764
543	-19.3978	0.00411057	31.9693	0.00385008	-13.0453	0.00467542	24.8913	0.00355725
544	-19.4099	0.00421391	31.9746	0.00390608	-13.051	0.00477764	24.9	0.00362934
545	-19.4194	0.00421995	31.9809	0.00396232	-13.0526	0.00470153	24.9045	0.0035463
546	-19.4936	0.00389906	32.0497	0.00366153	-13.1092	0.00422556	24.9605	0.00339588
547	-19.831	0.00400782	32.3249	0.00308458	-13.3406	0.00436521	25.1839	0.00347661
548	-20.2166	0.0045684	32.6362	0.00343778	-13.587	0.00481498	25.4424	0.00359417
549	-20.5491	0.00467591	32.9041	0.00359997	-13.8198	0.00456132	25.6717	0.00363675
550	-20.8582	0.00462011	33.1809	0.0035215	-14.0291	0.00457597	25.9206	0.0035678
551	-21.0813	0.00476672	33.3834	0.00363108	-14.1979	0.00474724	26.093	0.00356083
552	-21.2926	0.00426663	33.5399	0.00390489	-14.3342	0.00482313	26.2309	0.00367061
553	-21.5893	0.0045232	33.7811	0.00353646	-14.5324	0.00462486	26.4401	0.00376184
554	-21.8713	0.0048279	34.0191	0.00370167	-14.7437	0.00467631	26.6385	0.00356831
555	-22.1059	0.00468624	34.1991	0.00362946	-14.8989	0.00423364	26.7997	0.00339982
556	-22.2843	0.00478788	34.345	0.00378466	-15.0254	0.00419368	26.9274	0.00337256
557	-22.4768	0.00469337	34.4868	0.00367058	-15.1534	0.00422667	27.0547	0.00344304
558	-22.8538	0.00450972	34.7791	0.00361135	-15.4176	0.00423605	27.3101	0.00347007
559	-23.2758	0.00456403	35.0872	0.00344555	-15.7079	0.00427452	27.5766	0.0034148
560	-23.5937	0.00454229	35.3082	0.0036991	-15.9257	0.00403588	27.7809	0.00328026
561	-23.845	0.00442304	35.4906	0.00347984	-16.0972	0.0040151	27.9366	0.00327321
562	-24.2087	0.00412126	35.7402	0.00324908	-16.347	0.00413984	28.1534	0.00343657
563	-24.648	0.00438108	36.0335	0.00349921	-16.638	0.00456575	28.4133	0.00378954
564	-24.9955	0.00421532	36.2922	0.00342677	-16.8813	0.00444539	28.641	0.00353616
565	-25.265	0.00443444	36.4615	0.00354908	-17.0705	0.00436324	28.7988	0.00364706
566	-25.5163	0.00470938	36.6246	0.00368779	-17.2446	0.0041211	28.9452	0.00352635
567	-25.7636	0.00462733	36.7882	0.00370708	-17.4057	0.00445108	29.0931	0.0036922
568	-25.9586	0.00403877	36.9112	0.00330205	-17.5468	0.00447673	29.202	0.00375234
569	-26.1178	0.0041424	37.0134	0.00345023	-17.652	0.00414516	29.3009	0.00351943
570	-26.2523	0.00397887	37.0993	0.00339465	-17.757	0.00457647	29.3749	0.00374217
571	-26.4662	0.00388582	37.2343	0.0033484	-17.8991	0.00438456	29.4971	0.00364002
572	-26.6779	0.00449049	37.3657	0.00375096	-18.041	0.0044525	29.622	0.00374373
573	-26.8608	0.00428421	37.4897	0.00353852	-18.1679	0.00413881	29.7253	0.00361224
574	-27.0188	0.00459115	37.5846	0.0038256	-18.2846	0.0044673	29.8189	0.00370116
575	-27.1427	0.00431727	37.6677	0.00371914	-18.3729	0.00431302	29.8906	0.0037217
576	-27.3091	0.00438855	37.7641	0.00353961	-18.4824	0.00423198	29.9813	0.00372401
577	-27.6303	0.00430254	37.9566	0.00353439	-18.7029	0.00439456	30.1572	0.00372854
578	-27.9294	0.00440737	38.1405	0.00374621	-18.9214	0.00448631	30.3269	0.00383677
579	-28.1842	0.00390577	38.2978	0.00330953	-19.0933	0.00453039	30.4772	0.00386215
580	-28.3851	0.00401234	38.4116	0.00341441	-19.2302	0.00446258	30.5848	0.00389226
581	-28.5732	0.00416693	38.5286	0.0036481	-19.3636	0.00450759	30.6899	0.00395149
582	-28.8063	0.00428714	38.6568	0.00360526	-19.5299	0.00421926	30.811	0.00369472
583	-29.0052	0.00394467	38.7784	0.00328816	-19.6586	0.00426416	30.9233	0.00385251
584	-29.1666	0.00391352	38.8654	0.003495	-19.78	0.00437481	31.0021	0.00394661
585	-29.2967	0.0037001	38.9434	0.00335105	-19.8669	0.0047569	31.079	0.00406108
586	-29.405	0.00369743	39.0007	0.00339097	-19.9421	0.00420976	31.13	0.00382275
587	-29.4996	0.00377525	39.0565	0.00341841	-20.0094	0.00475033	31.1856	0.00402693
588	-29.5685	0.00388534	39.094	0.00353944	-20.0609	0.00388676	31.2174	0.00357432
589	-29.6464	0.0038317	39.1399	0.0035006	-20.1075	0.00428045	31.2634	0.00384693
590	-29.6973	0.00375395	39.1651	0.00344051	-20.1529	0.00449299	31.2902	0.00395233
591	-29.7545	0.00393554	39.1933	0.00367326	-20.1842	0.0041398	31.318	0.00367437
592	-29.8083	0.00369042	39.2195	0.00338801	-20.2239	0.00431632	31.3412	0.0038235
593	-29.8724	0.00401131	39.264	0.00361561	-20.2754	0.00441847	31.3762	0.00379814
594	-29.9527	0.00373622	39.2973	0.00334151	-20.3208	0.00394067	31.4188	0.00367148
595	-30.0254	0.00382768	39.3399	0.00345905	-20.3772	0.00465965	31.4504	0.00401982
596	-30.0872	0.0039865	39.3755	0.00345018	-20.4249	0.00406614	31.4864	0.00356725
597	-30.1468	0.00420263	39.4025	0.00356552	-20.459	0.00407808	31.5135	0.00369208
598	-30.2009	0.00413289	39.4284	0.00349043	-20.4962	0.00438025	31.5396	0.00392364
599	-30.2514	0.00436984	39.4544	0.0036394	-20.539	0.0046194	31.5625	0.00399927
600	-30.3444	0.00441848	39.4955	0.0035628	-20.5921	0.00426215	31.603	0.00378969
601	-30.4459	0.00451742	39.5489	0.00356009	-20.6592	0.00417293	31.6502	0.00381804
602	-30.5276	0.0051769	39.592	0.00378329	-20.7209	0.00436176	31.6962	0.00385406
603	-30.6117	0.0043164	39.6348	0.00349868	-20.7852	0.00469688	31.7316	0.00401514
604	-30.6819	0.0044906	39.6711	0.00364414	-20.8294	0.00394596	31.7693	0.00359796
605	-30.7396	0.00436145	39.6979	0.00349857	-20.8677	0.00421135	31.8017	0.00382691
606	-30.7933	0.004338	39.7287	0.00359736	-20.9116	0.00465306	31.8234	0.004023
607	-30.8466	0.00422208	39.7531	0.00349174	-20.9479	0.00476215	31.8492	0.0040319
608	-30.8914	0.00431817	39.7788	0.00357051	-20.9806	0.00426132	31.873	0.00371876
609	-30.9334	0.00434185	39.8013	0.00356609	-21.0035	0.00445575	31.8965	0.00393905
610	-30.9735	0.0043187	39.8177	0.00357454	-21.033	0.00445317	31.914	0.00391077
611	-31.0134	0.0041425	39.8379	0.00345359	-21.06	0.00436179	31.9341	0.0039135
612	-31.0442	0.00420841	39.8597	0.00345589	-21.0817	0.00432068	31.9521	0.00390074
613	-31.0847	0.00420674	39.8784	0.00351757	-21.107	0.00444937	31.9681	0.00390704
614	-31.1187	0.00414481	39.8882	0.00350275	-21.1295	0.00466343	31.9837	0.00402517
615	-31.1466	0.00406819	39.9088	0.00342642	-21.1554	0.00460892	31.9963	0.00392626
616	-31.186	0.00413921	39.9341	0.00341763	-21.1788	0.00450485	32.0178	0.00392393
617	-31.1964	0.00428044	39.9407	0.00348397	-21.1862	0.00425802	32.0276	0.00383426
618	-31.2331	0.00436485	39.9539	0.00363558	-21.2098	0.00405346	32.0424	0.00376066
619	-31.2586	0.00410793	39.9668	0.00347982	-21.228	0.00416078	32.057	0.00377813
620	-31.281	0.00409394	39.9748	0.00343003	-21.249	0.00431094	32.071	0.00390838
621	-31.3154	0.0040552	39.9941	0.00351491	-21.2785	0.00454275	32.0821	0.00399231
622	-31.347	0.00403479	40.0057	0.00356087	-21.293	0.00467618	32.0944	0.0040693
623	-31.3709	0.004037	40.0205	0.00350124	-21.3145	0.00464607	32.106	0.00407127
624	-31.3919	0.00384228	40.028	0.00331525	-21.3286	0.00463586	32.1159	0.00404635
625	-31.417	0.0042001	40.0457	0.00370553	-21.345	0.00446329	32.135	0.0039319
626	-31.4442	0.00423054	40.0591	0.00366432	-21.366	0.00424901	32.146	0.00380571
627	-31.4663	0.00415445	40.0717	0.00357779	-21.3802	0.0041927	32.1572	0.0038345
628	-31.4937	0.00421959	40.0778	0.00356083	-21.3968	0.00430092	32.1654	0.00379891
629	-31.5174	0.00410886	40.0883	0.00350644	-21.4163	0.00460431	32.1792	0.00397802
630	-31.5389	0.00406121	40.0998	0.00352885	-21.4301	0.00441622	32.1879	0.00392623
631	-31.5615	0.00408036	40.1152	0.00341884	-21.4467	0.00454249	32.2016	0.00404318
632	-31.5821	0.00401194	40.1242	0.00345222	-21.4589	0.00452337	32.2097	0.00399241
633	-31.6096	0.00423432	40.1428	0.00367275	-21.4724	0.00455421	32.2267	0.00405137
634	-31.6297	0.00405813	40.1409	0.00346066	-21.4882	0.00465448	32.2249	0.00417018
635	-31.6543	0.00427458	40.1598	0.00371381	-21.5125	0.00439608	32.2484	0.00393194
636	-31.6739	0.00407027	40.1641	0.00344714	-21.5279	0.00483061	32.2505	0.00413028
637	-31.6954	0.00450169	40.1826	0.00387049	-21.5412	0.00466601	32.2618	0.00405196
638	-31.7206	0.00467609	40.1895	0.00390124	-21.5564	0.00468485	32.2671	0.00399896
639	-31.7453	0.00463429	40.2053	0.00381421	-21.5666	0.00450686	32.2848	0.00389994
640	-31.7653	0.00463206	40.2066	0.00380858	-21.5787	0.00429163	32.2885	0.00384567
641	-31.7793	0.00448167	40.2155	0.00364976	-21.5874	0.00415393	32.2987	0.00385079
642	-31.8005	0.00409013	40.2286	0.00336703	-21.608	0.00404767	32.3117	0.00378905
643	-31.8204	0.00490929	40.2378	0.00357476	-21.619	0.00427117	32.3226	0.00393053
644	-31.8358	0.00421751	40.2465	0.00347757	-21.6358	0.00431933	32.3263	0.00394192
645	-31.8568	0.00445721	40.2563	0.00364767	-21.6504	0.00453341	32.3386	0.00406599
646	-31.8786	0.00412475	40.2677	0.00347349	-21.6639	0.00453885	32.3474	0.0040076
647	-31.8996	0.00425233	40.2777	0.00368264	-21.6802	0.00487048	32.355	0.00410559
648	-31.9151	0.00434107	40.2831	0.00366597	-21.6916	0.0046953	32.3627	0.00405246
649	-31.9344	0.00410313	40.2974	0.00349947	-21.7061	0.00451388	32.3716	0.00398581
650	-31.9487	0.00449198	40.3029	0.00373808	-21.7152	0.00472347	32.3805	0.00407677
651	-31.9749	0.00439091	40.3093	0.00369626	-21.7259	0.00467663	32.3898	0.00407892
652	-31.9967	0.00446802	40.3225	0.00368847	-21.7442	0.00446507	32.4021	0.00396291
653	-32.0079	0.00453194	40.3288	0.00378418	-21.7517	0.00434658	32.4109	0.00395681
654	-32.0254	0.00444056	40.3346	0.00367493	-21.7687	0.00445521	32.417	0.00396751
655	-32.0486	0.0044626	40.3441	0.00376032	-21.7828	0.00440575	32.4302	0.00394283
656	-32.0643	0.00439731	40.3512	0.00370902	-21.7966	0.00433115	32.432	0.0039429
657	-32.0768	0.00420168	40.361	0.00353611	-21.8084	0.00425755	32.4413	0.0038831
658	-32.0952	0.00410308	40.3687	0.00337259	-21.8194	0.0042303	32.448	0.00387283
659	-32.1122	0.00439728	40.3759	0.00365228	-21.8285	0.00445578	32.4565	0.00393533
660	-32.1272	0.0043234	40.3828	0.00365815	-21.8351	0.00435329	32.4635	0.00388475
661	-32.1496	0.00420893	40.394	0.00356296	-21.8425	0.00438258	32.4761	0.00390331
662	-32.1704	0.00399153	40.399	0.00336788	-21.8581	0.00453923	32.4839	0.00400897
663	-32.1811	0.0042842	40.4099	0.00367241	-21.868	0.00467522	32.4929	0.00411828
664	-32.1971	0.00423805	40.4157	0.00367629	-21.8816	0.00465995	32.4986	0.00414887
665	-32.2154	0.00441038	40.4283	0.00379743	-21.9031	0.00468968	32.5045	0.00409485
666	-32.2297	0.00418838	40.4332	0.00349731	-21.916	0.00474487	32.5112	0.00408048
667	-32.2438	0.00446934	40.4445	0.00380306	-21.9294	0.00450095	32.5183	0.00399262
668	-32.2653	0.00454347	40.4481	0.00389129	-21.9389	0.00470969	32.5226	0.00406798
669	-32.283	0.00441482	40.456	0.00372654	-21.9478	0.00446304	32.5349	0.00393271
670	-32.2949	0.00449645	40.4626	0.00371469	-21.9527	0.00440053	32.542	0.00385904
671	-32.3699	0.00427478	40.4929	0.00357491	-21.9999	0.00430348	32.573	0.00393131
672	-32.701	0.00447419	40.6345	0.0037294	-22.2283	0.00431128	32.7149	0.0039132
673	-33.0347	0.00465836	40.7751	0.00373283	-22.4648	0.00431941	32.8476	0.00390262
674	-33.3052	0.00475839	40.9016	0.00383061	-22.6434	0.00434859	32.9781	0.00400199
675	-33.5441	0.00464484	41.0094	0.0037694	-22.8264	0.00435791	33.089	0.00397912
676	-33.7553	0.00426575	41.1262	0.00345906	-22.986	0.00432486	33.2049	0.0039681
677	-34.0913	0.00464804	41.2693	0.00380178	-23.2157	0.00439887	33.3507	0.00408484
678	-34.458	0.00416724	41.4403	0.00332407	-23.4742	0.00422612	33.5226	0.00401092
679	-34.7734	0.00460827	41.5664	0.00382595	-23.6847	0.00425858	33.655	0.00400006
680	-34.9976	0.00532122	41.6679	0.00384392	-23.8458	0.00442177	33.7603	0.00420193
681	-35.2571	0.00511204	41.7779	0.00390651	-24.0348	0.00413085	33.8713	0.00396897
682	-35.6442	0.00418359	41.93	0.00364293	-24.3076	0.00451426	34.0319	0.00419581
683	-36.1404	0.0041775	42.1333	0.00351145	-24.6601	0.00441153	34.2398	0.00418669
684	-36.5673	0.00473249	42.2989	0.0036224	-24.9591	0.00441743	34.4199	0.00411827
685	-36.8919	0.00494425	42.4296	0.00386605	-25.1875	0.00399092	34.5578	0.00386207
686	-37.2044	0.00453796	42.5421	0.00364889	-25.4122	0.00395885	34.6821	0.00387054
687	-37.6128	0.00484528	42.6909	0.00386197	-25.7008	0.00405383	34.8461	0.00390739
688	-37.9757	0.00507146	42.8237	0.00387999	-25.9534	0.00378054	34.9867	0.00366993
689	-38.2573	0.00539051	42.9228	0.00410208	-26.1644	0.00428378	35.0996	0.00416453
690	-38.53	0.00541852	43.0207	0.00412726	-26.3543	0.00400945	35.2112	0.00396262
691	-39.0178	0.00511365	43.1808	0.00405422	-26.6913	0.00435217	35.3867	0.00410319
692	-39.4681	0.00484396	43.3303	0.00373689	-27.0182	0.00380423	35.5551	0.00376247
693	-39.8341	0.00505344	43.4501	0.00376628	-27.2889	0.00447203	35.6957	0.00429112
694	-40.2815	0.00525971	43.5755	0.0039667	-27.5989	0.00452181	35.8428	0.00426912
695	-40.7376	0.00521575	43.7167	0.00404309	-27.9211	0.00378121	36.011	0.00380587
696	-41.1144	0.00520565	43.8265	0.00416636	-28.196	0.0038735	36.1442	0.00398097
697	-41.4086	0.00504726	43.9112	0.00390082	-28.3978	0.00419557	36.2457	0.00419068
698	-41.6168	0.00417485	43.9688	0.00355449	-28.5544	0.00400785	36.3151	0.00405282
699	-41.7934	0.00441313	44.0195	0.00372217	-28.6779	0.00406835	36.3821	0.00409246
700	-41.9293	0.00453641	44.0558	0.0038386	-28.7815	0.00399814	36.4226	0.00404025
701	-42.1297	0.00398824	44.1131	0.0034937	-28.9258	0.00399696	36.4929	0.00407851
702	-42.4666	0.00494271	44.1896	0.00393694	-29.1644	0.0042795	36.5972	0.00420348
703	-42.7651	0.00501528	44.2613	0.00375942	-29.3862	0.0036112	36.6927	0.0038306
704	-43.014	0.00495873	44.3283	0.00379534	-29.5598	0.00441622	36.7744	0.00429422
705	-43.2096	0.00493413	44.375	0.0039394	-29.7015	0.00410711	36.8372	0.00418188
706	-43.4219	0.00474053	44.4313	0.00377916	-29.8523	0.00419885	36.9062	0.00413106
707	-43.7144	0.00491984	44.4922	0.00393139	-30.071	0.00436711	36.9967	0.00430746
708	-43.9791	0.00476843	44.5526	0.00392695	-30.2512	0.00414477	37.0736	0.00419972
709	-44.1899	0.00479694	44.6025	0.00396038	-30.4094	0.00371098	37.1434	0.0039085
710	-44.3755	0.00497518	44.6368	0.00408375	-30.5369	0.00374639	37.1966	0.00390704
711	-44.5226	0.00508132	44.6729	0.00412762	-30.6439	0.00386052	37.2476	0.00403983
712	-44.6421	0.00508555	44.7053	0.00416811	-30.7382	0.00402262	37.289	0.00405382
713	-44.7523	0.00509154	44.7265	0.00409522	-30.8166	0.00419038	37.3174	0.00419277
714	-44.841	0.00505536	44.7502	0.00406658	-30.8749	0.00415299	37.3443	0.00412136
715	-44.8138	0.00538386	44.7543	0.00445171	-30.8629	0.00429278	37.345	0.00420621
716	-44.7486	0.00496305	44.7394	0.00401515	-30.8173	0.00416337	37.3292	0.00418991
717	-44.7	0.00507455	44.7416	0.00416213	-30.7824	0.00419023	37.3231	0.00424878
718	-44.6775	0.00483276	44.738	0.00403689	-30.7653	0.00396214	37.3156	0.00414784
719	-44.6686	0.00519381	44.7405	0.00422333	-30.7596	0.00423181	37.3179	0.00425272
720	-44.6856	0.00488868	44.7413	0.00403809	-30.7697	0.00417165	37.3228	0.00417891
721	-44.7158	0.00505571	44.7492	0.00410403	-30.7984	0.0041979	37.33	0.00421568
722	-44.8031	0.00512386	44.7625	0.00432847	-30.8599	0.00406807	37.3519	0.00410502
723	-44.9309	0.0051215	44.7802	0.00431467	-30.9516	0.00391669	37.3837	0.00412244
724	-45.0398	0.00505221	44.8004	0.00407788	-31.0233	0.00395357	37.4079	0.00407164
725	-45.1437	0.00488536	44.8153	0.0039414	-31.1001	0.00407588	37.434	0.00412525
726	-45.2222	0.00503386	44.831	0.00410928	-31.1501	0.00413633	37.4604	0.00411722
727	-45.2985	0.00474218	44.8455	0.00393215	-31.209	0.00402582	37.4812	0.0039923
728	-45.361	0.0051099	44.86	0.00408774	-31.2607	0.00419459	37.4983	0.00415904
729	-45.4247	0.00473943	44.8703	0.00384635	-31.3014	0.00366086	37.5177	0.00384495
730	-45.479	0.0049925	44.8775	0.00410308	-31.3494	0.00387559	37.5346	0.00396624
731	-45.5396	0.00509569	44.8889	0.00409695	-31.3854	0.00407741	37.5474	0.00408852
732	-45.5846	0.00520775	44.8953	0.00420112				
733	-45.6292	0.00507405	44.9064	0.00412645	-31.4569	0.00381374	37.577	0.00397575
734	-45.681	0.00515289	44.9124	0.00413566	-31.4854	0.00399216	37.5868	0.00398581
735	-45.7227	0.00512141	44.9248	0.00424612	-31.5124	0.00409102	37.6015	0.00414619
736	-45.7659	0.00497439	44.9362	0.00414836	-31.5463	0.00411345	37.6174	0.00412482
737	-45.8149	0.00477239	44.9424	0.00396152	-31.58	0.00383024	37.6284	0.00399489
738	-45.8493	0.00506996	44.9505	0.00423301	-31.6113	0.00380833	37.6381	0.00397713
739	-45.8904	0.00503982	44.9599	0.00417204	-31.6387	0.00409611	37.6514	0.00417961
740	-45.9339	0.00474848	44.9661	0.00392896	-31.668	0.00430623	37.658	0.00441066
741	-45.972	0.00477971	44.9728	0.00405375	-31.6996	0.00391688	37.6725	0.00414544
742	-46.0053	0.00487265	44.9785	0.00408455	-31.7314	0.00369382	37.6792	0.00397956
743	-46.0482	0.00482631	44.9872	0.00400539	-31.7588	0.00392196	37.6932	0.00396876
744	-46.0889	0.00467463	44.993	0.00395831	-31.784	0.00406766	37.7061	0.00411773
745	-46.1189	0.00440082	45.0032	0.00387135	-31.8066	0.00407108	37.7141	0.00421891
746	-46.1559	0.00497268	45.0029	0.00409413	-31.8346	0.00383225	37.7249	0.00400887
747	-46.2019	0.00471982	45.0098	0.00398496	-31.8655	0.00401356	37.7364	0.00410759
748	-46.2272	0.00479127	45.0159	0.00412458	-31.8892	0.00412266	37.7437	0.00411204
749	-46.2705	0.0047255	45.0234	0.00403006	-31.9156	0.00432127	37.7579	0.00431935
750	-46.3063	0.00488662	45.0275	0.00414729	-31.9401	0.00410064	37.7675	0.00412098
751	-46.3431	0.00471198	45.0363	0.00407256	-31.9682	0.00396123	37.7757	0.0041022
752	-46.375	0.00466942	45.0449	0.00406045	-31.9981	0.00410837	37.781	0.00419583
753	-46.4058	0.00486177	45.0526	0.00417875	-32.0236	0.00407238	37.7953	0.00409342
754	-46.4398	0.00472176	45.0539	0.00407452	-32.0434	0.0040029	37.8021	0.00418702
755	-46.48	0.00458649	45.0616	0.00402356	-32.0662	0.00401578	37.8147	0.00418367
756	-46.5062	0.00474416	45.07	0.00413643	-32.0908	0.00384403	37.8249	0.00404258
757	-46.541	0.00498811	45.0754	0.00418336	-32.114	0.00393574	37.8271	0.00400738
758	-46.5782	0.00495237	45.078	0.00421911	-32.138	0.0041675	37.8389	0.00417946
759	-46.6146	0.00427397	45.0851	0.00378231	-32.1621	0.00424968	37.8497	0.00420975
760	-46.6422	0.00461642	45.0943	0.00392985	-32.178	0.00428349	37.8619	0.00432765
761	-46.6713	0.00485658	45.1017	0.00405763	-32.2022	0.00408169	37.8657	0.00419351
762	-46.7027	0.00448838	45.1048	0.00395728	-32.2241	0.0039139	37.8782	0.00404272
763	-46.7399	0.00452968	45.1069	0.00395924	-32.2486	0.00404674	37.8843	0.00405472
764	-46.7594	0.00457309	45.1162	0.00390451	-32.2777	0.0041391	37.8914	0.00413087
765	-46.7929	0.00449254	45.1212	0.00387382	-32.3007	0.00424096	37.9027	0.00423775
766	-46.8216	0.00461164	45.1253	0.00388814	-32.3196	0.00420454	37.9082	0.00424798
767	-46.858	0.00443171	45.1278	0.00383217	-32.3396	0.00385842	37.919	0.00398123
768	-46.8822	0.00440251	45.1378	0.00397523	-32.3636	0.00390057	37.9263	0.00402706
769	-46.908	0.00452937	45.1407	0.00391948	-32.3895	0.00402549	37.9298	0.00414368
770	-46.9328	0.00463594	45.1513	0.00396429	-32.408	0.00398018	37.9466	0.0039605
771	-46.973	0.0044321	45.1473	0.00380648	-32.434	0.00409364	37.9468	0.00415584
772	-46.9986	0.00452589	45.1585	0.0039771	-32.4517	0.00403918	37.9607	0.00407299
773	-47.0251	0.00469682	45.1584	0.00413721	-32.4689	0.0036558	37.965	0.00386441
774	-47.0532	0.00484718	45.1697	0.00407949	-32.4886	0.00403328	37.9712	0.00416025
775	-47.0797	0.00474962	45.1702	0.00405035	-32.5081	0.00417816	37.9812	0.00411814
776	-47.1124	0.00470493	45.1742	0.00400118	-32.5332	0.00414047	37.9898	0.00410786
777	-47.1402	0.0046423	45.1795	0.0040813	-32.5531	0.00421495	38.0028	0.00422018
778	-47.1644	0.00471274	45.1876	0.00410224	-32.5733	0.00423497	38.011	0.00424056
779	-47.1959	0.00481875	45.1935	0.00409007	-32.5925	0.00399626	38.0186	0.00404802
780	-47.2158	0.00492065	45.2011	0.00406886	-32.6078	0.00397051	38.0244	0.00409178
781	-47.2478	0.00462959	45.2022	0.00389944	-32.6312	0.00385722	38.028	0.00395927
782	-47.2752	0.00476102	45.2089	0.00405972	-32.6524	0.00389236	38.0362	0.00401665
783	-47.2963	0.00495594	45.2114	0.00419839	-32.6706	0.0040617	38.0444	0.00409107
784	-47.3202	0.00490611	45.2195	0.00411566	-32.6916	0.00403571	38.0554	0.004127
785	-47.3565	0.00498406	45.2216	0.00411987	-32.713	0.00406184	38.0609	0.0040273
786	-47.3902	0.00478109	45.2249	0.004034	-32.7329	0.00400045	38.0722	0.00409455
787	-47.4099	0.00480208	45.2265	0.00405451	-32.7466	0.00385177	38.0705	0.00399375
788	-47.4253	0.00478325	45.2338	0.00400184	-32.7641	0.00390677	38.0765	0.0040599
789	-47.4576	0.0047632	45.2383	0.00406569	-32.7844	0.00399292	38.0877	0.00407055
790	-47.4889	0.00480949	45.2437	0.0040328	-32.8053	0.00423787	38.0953	0.00419324
791	-47.5186	0.00476015	45.247	0.00397426	-32.8242	0.00410592	38.102	0.00412525
792	-47.5341	0.00453979	45.2496	0.00382139	-32.8361	0.00391429	38.1089	0.00402251
793	-47.5563	0.00487145	45.2546	0.004127	-32.8531	0.00412352	38.1159	0.0041563
794	-47.581	0.00478551	45.2592	0.00410815	-32.8753	0.004007	38.1237	0.00409612
795	-47.6031	0.00457432	45.2633	0.00396836	-32.8879	0.00401938	38.1276	0.00409288
796	-47.6316	0.00467724	45.2696	0.00404568	-32.9085	0.00420602	38.1359	0.00423876
797	-47.6617	0.00464507	45.2692	0.0039304	-32.9294	0.00422128	38.1417	0.00418775
798	-47.674	0.00442903	45.2749	0.00380591	-32.9477	0.00430983	38.1489	0.00430864
799	-47.6915	0.0047885	45.2761	0.00412243	-32.9683	0.00432802	38.1552	0.00427337
800	-47.7124	0.00478346	45.2815	0.00409099	-32.9796	0.00418191	38.1627	0.00417051
801	-47.886	0.00459353	45.2958	0.00399345	-33.1001	0.00413362	38.1931	0.00420011
802	-48.3735	0.00486997	45.3559	0.00414469	-33.453	0.00413231	38.3084	0.00413214
803	-48.8556	0.00473283	45.4149	0.00407751	-33.7969	0.0040927	38.4235	0.00410191
804	-49.2422	0.0054178	45.4827	0.00454383	-34.0844	0.00431666	38.5325	0.00416674
805	-49.509	0.00521179	45.5188	0.00434591	-34.2907	0.00387364	38.6012	0.00395476
806	-49.6979	0.00489349	45.5402	0.0041106	-34.4247	0.00379392	38.6484	0.00386834
807	-49.9792	0.00469873	45.5708	0.00408211	-34.6339	0.00412628	38.7131	0.00412049
808	-50.3494	0.00409027	45.6023	0.0037936	-34.9103	0.00423668	38.7888	0.00422291
809	-50.7746	0.00462351	45.6412	0.00407825	-35.2148	0.00371595	38.8819	0.00390013
810	-51.0959	0.00498016	45.6737	0.00447423	-35.4583	0.00400727	38.9571	0.00409179
811	-51.345	0.00461944	45.6951	0.00423132	-35.6433	0.00398605	39.0149	0.004005
812	-51.5371	0.00434263	45.709	0.0039455	-35.7779	0.00392528	39.059	0.00393957
813	-51.8283	0.00449429	45.7219	0.00399376	-35.9869	0.00378613	39.1105	0.00390114
814	-52.1739	0.00461767	45.7505	0.00416463	-36.254	0.0036933	39.1832	0.00386967
815	-52.4774	0.00487848	45.7715	0.00415752	-36.483	0.00388167	39.2451	0.00394391
816	-52.6973	0.00471133	45.795	0.00412809	-36.6486	0.00387485	39.2982	0.00400412
817	-52.9619	0.00447226	45.8092	0.00409532	-36.8423	0.00400147	39.3448	0.00408465
818	-53.3478	0.00400018	45.8191	0.00378468	-37.1373	0.0036923	39.4191	0.00386961
819	-53.6818	0.00466166	45.8314	0.00412989	-37.3863	0.00363433	39.4762	0.00387321
820	-53.9536	0.00449515	45.8432	0.00410432	-37.591	0.00396222	39.5335	0.00395145
821	-54.1513	0.00414022	45.8528	0.0038915	-37.7336	0.00399265	39.5758	0.00400073
822	-54.5035	0.00437129	45.8594	0.0039613	-38.0018	0.00387755	39.6377	0.00382593
823	-55.0211	0.00427116	45.8666	0.00401472	-38.3876	0.00371992	39.7198	0.00386377
824	-55.4556	0.00428773	45.8619	0.00404678	-38.7144	0.00367277	39.789	0.00387823
825	-55.7877	0.00471191	45.8622	0.00427791	-38.9652	0.00366154	39.8423	0.00381938
826	-56.0372	0.00492778	45.8605	0.00449342	-39.1625	0.00385443	39.8806	0.00397266
827	-56.2804	0.0045041	45.8524	0.00429298	-39.3322	0.00392584	39.9247	0.00400182
828	-56.6766	0.00479147	45.8468	0.00440024	-39.6384	0.00347826	39.9742	0.00368157
829	-57.0209	0.0044688	45.8326	0.00410566	-39.8961	0.00374207	40.0271	0.00385792
830	-57.3062	0.00431675	45.8245	0.00397188	-40.1115	0.00358437	40.0687	0.00365689
831	-57.5276	0.00428178	45.8294	0.00395358	-40.2859	0.00355691	40.1061	0.00369386
832	-57.6991	0.00387155	45.821	0.00376978	-40.4179	0.00378911	40.1282	0.00388236
833	-57.8324	0.00372949	45.8206	0.00368707	-40.5207	0.00372855	40.1513	0.00382266
834	-57.9538	0.00371009	45.8194	0.00371657	-40.6201	0.00385704	40.1688	0.00401039
835	-58.0563	0.00355935	45.8148	0.00341745	-40.6964	0.00369674	40.1863	0.00375569
836	-58.1822	0.00376998	45.8051	0.00356309	-40.7933	0.00375898	40.1975	0.00389617
837	-58.3322	0.00409704	45.7971	0.00381035	-40.9081	0.00354482	40.2165	0.00369866
838	-58.4627	0.00440353	45.7865	0.00406478	-41.013	0.00371844	40.2346	0.00385001
839	-58.5819	0.00449782	45.7863	0.00423045	-41.108	0.00376186	40.248	0.00394829
840	-58.6896	0.00478835	45.7723	0.00446918	-41.1763	0.00353977	40.2631	0.00368228
841	-58.8082	0.00488269	45.765	0.00462803	-41.2693	0.00373677	40.2773	0.00382576
842	-59.1355	0.00448406	45.7277	0.00426881	-41.5179	0.00377618	40.3055	0.00392863
843	-59.4235	0.00464837	45.7084	0.00439579	-41.7359	0.0039425	40.3415	0.0040784
844	-59.6535	0.0042074	45.6938	0.00419507	-41.9179	0.00382305	40.3641	0.00403356
845	-59.8348	0.0042045	45.6783	0.00414826	-42.056	0.00382297	40.3876	0.00406605
846	-59.976	0.00418063	45.667	0.00412809	-42.1719	0.00383356	40.4039	0.00411873
847	-60.0933	0.00445891	45.6581	0.00437008	-42.2598	0.00359224	40.4144	0.00370642
848	-60.1984	0.0044171	45.6539	0.00431843	-42.3348	0.00346041	40.4241	0.00367659
849	-60.2883	0.00416399	45.642	0.00402958	-42.408	0.00386849	40.4355	0.00395502
850	-60.371	0.00405179	45.6315	0.00407488	-42.4746	0.00355474	40.442	0.003773
851	-60.454	0.00411746	45.6256	0.00405139	-42.5318	0.0039798	40.4512	0.00402208
852	-60.5138	0.00418077	45.6201	0.00420697	-42.5827	0.00386821	40.4601	0.0040161
853	-60.581	0.00426112	45.6184	0.00419413	-42.6339	0.00403397	40.4655	0.00401179
854	-60.6441	0.00413239	45.6091	0.00419818	-42.6883	0.00406541	40.4759	0.0041077
855	-60.7096	0.00405733	45.6023	0.0040144	-42.7296	0.0037786	40.4793	0.00386067
856	-60.8882	0.00413527	45.5801	0.00409693	-42.8626	0.00361371	40.4936	0.00379931
857	-61.0425	0.00386868	45.5605	0.00392671	-42.9888	0.00362707	40.5084	0.00379588
858	-61.1731	0.00379628	45.5518	0.00377943	-43.0959	0.00377923	40.5265	0.0039648
859	-61.2919	0.0038436	45.5402	0.00384442	-43.1863	0.00378616	40.5318	0.00390457
860	-61.3984	0.00432345	45.5305	0.00420303	-43.2719	0.00353196	40.5421	0.00373219
861	-61.4927	0.00420368	45.5233	0.00416811	-43.343	0.00376923	40.5532	0.00389992
862	-61.6511	0.00413664	45.5068	0.004169	-43.4653	0.00379242	40.5745	0.00394031
863	-61.8321	0.00415677	45.4918	0.004138	-43.6114	0.00390984	40.5954	0.00399299
864	-61.9979	0.00412315	45.4785	0.0041842	-43.7395	0.00396786	40.6171	0.00399249
865	-62.1346	0.00391169	45.4612	0.00408198	-43.8468	0.00389604	40.6247	0.00387708
866	-62.2472	0.00372541	45.4529	0.00395335	-43.9356	0.00379717	40.6394	0.00387241
867	-62.3422	0.00398271	45.4393	0.00402821	-44.0107	0.00354978	40.6496	0.00367069
868	-62.4082	0.00382744	45.4383	0.00400306	-44.0594	0.00352469	40.6529	0.00372251
869	-62.3238	0.00429246	45.4565	0.00431779	-43.9952	0.0038219	40.6561	0.00381354
870	-62.2174	0.00392103	45.4774	0.00389645	-43.9196	0.00368563	40.653	0.00386644
871	-62.1451	0.00405495	45.4968	0.00417314	-43.8698	0.00383836	40.6525	0.00392414
872	-62.1093	0.00413614	45.4962	0.00418788	-43.8371	0.00366398	40.6512	0.00388198
873	-62.0916	0.00413735	45.5004	0.00420501	-43.8274	0.0039165	40.6488	0.00401986
874	-62.0931	0.00400037	45.5061	0.00407385	-43.83	0.00404692	40.6501	0.00405529
875	-62.1105	0.00399828	45.4999	0.00409463	-43.8358	0.00377846	40.653	0.00381601
876					-43.8837	0.00366568	40.6591	0.00381635
877	-62.2306	0.00392557	45.4773	0.0040457	-43.9301	0.0036848	40.6573	0.00380025
878	-62.3521	0.00401803	45.4574	0.00417994	-44.0272	0.00350953	40.6662	0.00367806
879	-62.4934	0.00368507	45.4308	0.00376176	-44.1288	0.00370653	40.6685	0.00381432
880	-62.618	0.00378781	45.4067	0.00387569	-44.2272	0.00382506	40.6711	0.00391359
881	-62.7261	0.00429225	45.3969	0.00435125	-44.3123	0.00359545	40.6787	0.00378107
882	-62.8143	0.00436826	45.3778	0.00448805	-44.3793	0.00391107	40.6817	0.00405083
883	-62.8807	0.00423524	45.3649	0.00432474	-44.4348	0.00368813	40.6866	0.00381613
884	-62.9587	0.00421905	45.3524	0.00426562	-44.4913	0.00392755	40.6929	0.00400024
885	-63.015	0.00419223	45.345	0.00432108	-44.5374	0.00376467	40.6972	0.00383196
886	-63.0694	0.00418961	45.3353	0.0042818	-44.5781	0.00361047	40.6999	0.0037769
887	-63.1197	0.00410098	45.3307	0.00420483	-44.6173	0.00389231	40.7022	0.00400176
888	-63.1656	0.00382649	45.3163	0.00409334	-44.6608	0.00391525	40.7077	0.00400149
889	-63.2146	0.00403299	45.3143	0.0041923	-44.6907	0.0035267	40.7127	0.00377416
890	-63.2547	0.00408953	45.3082	0.00419228	-44.7285	0.00387201	40.7146	0.00395129
891	-63.2977	0.0037941	45.3031	0.0039801	-44.7611	0.00379741	40.7167	0.0039445
892	-63.3485	0.00388297	45.2983	0.00413543	-44.799	0.00382911	40.7235	0.00397376
893	-63.3744	0.00367154	45.3025	0.00371349	-44.8192	0.00366885	40.7264	0.00386726
894	-63.407	0.00383841	45.2929	0.00390724	-44.8463	0.00401065	40.7344	0.0040343
895	-63.4628	0.00408101	45.2768	0.00432616	-44.8847	0.0040487	40.733	0.00409561
896	-63.5037	0.00404548	45.2774	0.00411807	-44.9208	0.00383944	40.7342	0.00398084
897	-63.5363	0.00379655	45.2796	0.00381293	-44.9523	0.00373194	40.7416	0.00388392
898	-63.5819	0.00389225	45.2554	0.0039853	-44.9767	0.00389309	40.7374	0.00395887
899	-63.6146	0.0039596	45.2568	0.00416668	-45.0034	0.00395852	40.7427	0.00398975
900	-63.6418	0.00386722	45.2526	0.00384616	-45.034	0.00402497	40.745	0.00404837
901	-63.6788	0.00388115	45.2443	0.00388283	-45.0618	0.00399599	40.7481	0.00399326
902	-63.7246	0.00362692	45.2357	0.00372925	-45.0934	0.00382617	40.7446	0.00390729
903	-63.7539	0.00398377	45.2293	0.0041238	-45.12	0.00387696	40.7453	0.00404229
904	-63.7796	0.0040063	45.2306	0.00388608	-45.144	0.00383468	40.7522	0.00401161
905	-63.8259	0.00356928	45.2198	0.00365684	-45.1768	0.00371377	40.7515	0.00390172
906	-63.8619	0.00379287	45.2125	0.0039062	-45.2032	0.00377942	40.7528	0.00393769
907	-63.8897	0.00379179	45.2096	0.00390947	-45.2297	0.00361365	40.7581	0.00376383
908	-63.9218	0.00400462	45.2031	0.00402793	-45.2494	0.00368158	40.7597	0.00381563
909	-63.9593	0.00386652	45.1965	0.00406891	-45.2795	0.00367767	40.7629	0.00381876
910	-63.9921	0.00380896	45.1928	0.00402167	-45.3042	0.00356806	40.7663	0.00371691
911	-64.0242	0.00381744	45.1875	0.00393144	-45.3375	0.00355205	40.7645	0.00371255
912	-64.0595	0.0036757	45.1824	0.00370417	-45.3579	0.00371625	40.7641	0.00386055
913	-64.0978	0.00384493	45.1749	0.00407449	-45.3802	0.00374942	40.7685	0.00389036
914	-64.1307	0.0037954	45.1695	0.00414638	-45.4086	0.0037754	40.773	0.00382505
915	-64.1636	0.00395896	45.1613	0.00411032	-45.4459	0.0036592	40.7741	0.00375369
916	-64.1828	0.00409672	45.1625	0.00418694	-45.4721	0.00369052	40.7728	0.00381021
917	-64.2227	0.00399487	45.1535	0.0041676	-45.4898	0.00370711	40.7708	0.00389857
918	-64.2547	0.00390255	45.1487	0.00408734	-45.5107	0.00370234	40.7732	0.003846
919	-64.2778	0.00377113	45.1453	0.00405323	-45.536	0.00372248	40.7774	0.00379893
920	-64.314	0.00430506	45.1334	0.00428468	-45.5602	0.00376182	40.7792	0.00380251
921	-64.3419	0.00396502	45.1367	0.00391637	-45.5977	0.00359547	40.7788	0.00371852
922	-64.3775	0.00379386	45.1324	0.00379839	-45.6161	0.00361432	40.7804	0.00373395
923	-64.4035	0.00392556	45.1241	0.00390915	-45.6339	0.00383816	40.7776	0.00400799
924	-64.4297	0.00403256	45.121	0.00399627	-45.657	0.00372967	40.7819	0.00386546
925	-64.4647	0.00411547	45.1141	0.00407134	-45.6827	0.00360382	40.7827	0.00368226
926	-64.4991	0.00377145	45.1085	0.00382331	-45.7112	0.00363349	40.7877	0.00373114
927	-64.5213	0.00383061	45.1051	0.0038965	-45.7321	0.00380459	40.7905	0.00387539
928	-64.5492	0.00405162	45.0944	0.00424211	-45.7518	0.00388076	40.7891	0.00397144
929	-64.5808	0.00410555	45.0891	0.00433357	-45.7699	0.00368284	40.7885	0.00382378
930	-64.6074	0.00420727	45.0892	0.00412788	-45.7925	0.00378115	40.7893	0.00382722
931	-64.6426	0.00425154	45.0878	0.00414148	-45.8266	0.00347406	40.7903	0.00362416
932					-45.8476	0.00343849	40.7947	0.00365127
933	-64.6955	0.00431076	45.0714	0.00447633	-45.8741	0.00366799	40.795	0.00384554
934					-45.8911	0.00367121	40.7949	0.00389931
935	-64.7574	0.00396668	45.0619	0.00406227	-45.9096	0.00366113	40.7965	0.00381171
936					-45.9286	0.00360355	40.7984	0.00368673
937					-45.959	0.00348775	40.8006	0.00364381
938	-64.8338	0.00437965	45.0371	0.00450921	-45.9865	0.00356901	40.8039	0.00376021
939					-46.005	0.0036303	40.8077	0.00378874
940					-46.0237	0.00354404	40.8065	0.00378719
941					-46.0384	0.00370712	40.8063	0.00386656
942					-46.0633	0.00372039	40.8071	0.00382649
943	-64.9679	0.0044598	45.0108	0.00455867	-46.0857	0.00358273	40.8053	0.00375719
944					-46.1162	0.00367711	40.8104	0.00382142
945	-65.0262	0.00425612	45.0162	0.00418618	-46.1338	0.00373043	40.8144	0.00389361
946	-65.0437	0.00398547	45.0072	0.00409428	-46.147	0.00352276	40.8112	0.00381996
947	-65.0689	0.00409435	45.0014	0.00429	-46.1645	0.00380055	40.8156	0.00394224
948	-65.1013	0.00433647	44.9877	0.00438366	-46.1843	0.00351844	40.8127	0.00378636
949	-65.1296	0.00430206	44.9816	0.00449544	-46.2041	0.0034574	40.8174	0.00363234
950	-65.1551	0.00409394	44.9846	0.00412904	-46.2303	0.00358943	40.8186	0.00371151
951	-65.1772	0.00395568	44.9793	0.00398575	-46.2545	0.00362045	40.8207	0.00376973
952	-65.1965	0.00398161	44.9762	0.0039699	-46.269	0.00350669	40.826	0.0037518
953	-65.2288	0.00413954	44.9648	0.00399805	-46.2877	0.00361015	40.8231	0.00390538
954	-65.2544	0.00456344	44.9525	0.00453431	-46.3024	0.00354964	40.8229	0.00371261
955	-65.2744	0.00450357	44.9617	0.00434833	-46.3231	0.00353366	40.8233	0.00373721
956	-65.3091	0.00405666	44.9501	0.00408222	-46.3445	0.0035267	40.8251	0.00366387
957	-65.3209	0.00420424	44.9558	0.00402786	-46.3719	0.003543	40.8224	0.00371613
958	-65.3551	0.004155	44.9368	0.00400084	-46.3855	0.00371378	40.8282	0.00379315
959	-65.3816	0.00450449	44.9328	0.00460849	-46.4102	0.00358434	40.8282	0.0038573
960	-65.4082	0.00408549	44.9327	0.00414192	-46.4266	0.00357503	40.8325	0.0039118
961	-65.4349	0.00406927	44.9271	0.00408956	-46.4412	0.00340597	40.8318	0.00365458
962	-65.4564	0.00421836	44.9239	0.00419989	-46.4695	0.00341536	40.827	0.00370866
963					-46.4946	0.00344292	40.8255	0.00367703
964					-46.5102	0.00344295	40.8297	0.0036571
965	-65.5343	0.00447263	44.9063	0.00462831	-46.5277	0.00357448	40.8334	0.00378787
966					-46.5434	0.00363161	40.8382	0.00381933
967	-65.6012	0.00428968	44.8916	0.00446343	-46.5799	0.00352966	40.8355	0.00375724
968	-65.7377	0.00397115	44.8655	0.00432304	-46.6851	0.0039178	40.8371	0.00413228
969	-65.8441	0.00436647	44.842	0.0045655	-46.7769	0.00390686	40.8362	0.00396277
970	-65.8295	0.00424852	44.8524	0.00447776	-46.7704	0.0039071	40.8414	0.00390352
971	-65.4079	0.00414509	44.9588	0.00418672	-46.4358	0.00346737	40.8503	0.00378957
972					-46.1314	0.00355354	40.8552	0.00387611
973	-64.6977	0.0041419	45.1439	0.00435204	-45.8865	0.00392304	40.8519	0.00408323
974	-64.4754	0.00402034	45.1978	0.00406866	-45.7158	0.00376	40.856	0.00391645
975	-64.3166	0.00407144	45.2271	0.00406115	-45.5858	0.00383462	40.8565	0.00391028
976	-63.7875	0.00391072	45.3503	0.00397732	-45.1755	0.00364207	40.846	0.00386393
977	-63.0136	0.0042648	45.5111	0.00436705	-44.5819	0.00351708	40.8245	0.00367368
978	-62.3426	0.00399872	45.6358	0.00413551	-44.0617	0.00355277	40.8018	0.00374641
979	-61.1944	0.00374637	45.8372	0.00389959	-43.1777	0.00383137	40.7534	0.00395194
980	-60.031	0.00430013	45.989	0.00406015	-42.2902	0.00377801	40.6767	0.0039435
981	-58.8965	0.00476865	46.1248	0.0044934	-41.4237	0.00371824	40.5861	0.00387093
982	-57.7591	0.00434429	46.2313	0.0041265	-40.569	0.00379535	40.477	0.00394358
983	-56.7888	0.00451484	46.2888	0.00416765	-39.8445	0.00360569	40.3663	0.0037493
984	-55.7012	0.00385876	46.3414	0.00387294	-39.0369	0.00375902	40.2322	0.0038335
985	-54.5913	0.0042667	46.36	0.00396859	-38.211	0.00369003	40.0691	0.00386904
986	-53.57	0.00503885	46.3523	0.0044258	-37.4437	0.00386703	39.9101	0.00394389
987	-52.2892	0.00459643	46.3168	0.00417736	-36.499	0.00357776	39.6875	0.00383743
988	-51.1363	0.00409737	46.2372	0.00375688	-35.6392	0.0040778	39.4585	0.00419687
989	-49.8401	0.00465013	46.1354	0.00405258	-34.6959	0.00389133	39.1943	0.00385061
990	-48.4551	0.00443222	45.9686	0.00404145	-33.6788	0.00375375	38.8686	0.00383307
991	-47.0737	0.00502661	45.7782	0.00420259	-32.6778	0.00428264	38.5306	0.00422966
992	-45.6265	0.005173	45.5252	0.00411865	-31.6298	0.00412465	38.1425	0.00410618
993	-44.1896	0.00479222	45.2404	0.00394047	-30.5893	0.00412139	37.7327	0.00407802
994	-42.614	0.00449274	44.8578	0.00379497	-29.4514	0.00414887	37.2387	0.0041601
995	-41.1292	0.00480179	44.469	0.0039835	-28.3885	0.00388952	36.7577	0.0039501
996	-39.4361	0.00476904	43.9602	0.0037796	-27.1806	0.00409555	36.1703	0.00396367
997	-37.7581	0.00469491	43.3896	0.00386946	-25.9844	0.00398655	35.5334	0.00387536
998	-35.9673	0.00435935	42.7123	0.00375758	-24.7032	0.00415193	34.8084	0.00392228
999	-34.1914	0.00438497	41.9584	0.00371732	-23.4527	0.00435961	34.0423	0.00400027
1000	-32.3945	0.00448806	41.1199	0.00377185	-22.1799	0.00415669	33.2087	0.00376998
1001	-30.655	0.00407495	40.2456	0.00336155	-20.9658	0.00439532	32.3567	0.0038738
1002	-28.9724	0.00440879	39.3206	0.00364967	-19.7789	0.00448262	31.492	0.00389423
1003	-27.3243	0.00458164	38.3396	0.00368291	-18.6426	0.00464102	30.5871	0.00387476
1004	-25.7297	0.00438733	37.3155	0.00347769	-17.5301	0.00454101	29.6578	0.00368461
1005	-24.225	0.00458952	36.2853	0.00372116	-16.4855	0.00444232	28.7375	0.00354847
1006	-22.7858	0.00460556	35.2367	0.00365802	-15.4978	0.00422184	27.8184	0.00337553
1007	-21.4295	0.0038777	34.1626	0.00371371	-14.5457	0.00427819	26.8916	0.00347929
1008	-20.1666	0.00395475	33.1417	0.00375199	-13.6885	0.00464592	26.0164	0.00353045
1009	-18.9338	0.00398221	32.0702	0.0031641	-12.8465	0.00458453	25.1089	0.00346187
1010	-17.8042	0.00428498	31.041	0.00339341	-12.0686	0.00474221	24.2451	0.00346881
1011	-16.7498	0.00418016	30.0334	0.00339823	-11.3632	0.00456781	23.4049	0.00330669
1012	-15.7727	0.00385019	29.0516	0.00330202	-10.7008	0.00408695	22.5957	0.00292766
1013	-14.8605	0.00401827	28.0952	0.00326944	-10.0789	0.00399522	21.8187	0.00284668
1014	-14.0099	0.00412042	27.1596	0.00330753	-9.49498	0.00469549	21.0564	0.00324328
1015	-13.1915	0.00383648	26.225	0.00307206	-8.93697	0.00495156	20.2945	0.00329173
1016	-12.4462	0.00411659	25.3332	0.00320912	-8.43493	0.00464401	19.5807	0.00312795
1017	-11.7349	0.00374437	24.4466	0.00300043	-7.9531	0.00461558	18.8679	0.00312741
1018	-11.0639	0.0036072	23.5688	0.00285612	-7.50078	0.00455935	18.1612	0.00297409
1019	-10.4481	0.00393047	22.7467	0.00304587	-7.08691	0.00468473	17.506	0.0030151
1020	-9.92567	0.00406785	22.0244	0.00320748	-6.72379	0.00474335	16.9426	0.00304365
1021	-9.41534	0.00395358	21.3047	0.00302661	-6.38112	0.00484685	16.3716	0.0031079
1022	-8.93663	0.00381133	20.5989	0.0029621	-6.06453	0.00462916	15.8074	0.00291067
1023	-8.51327	0.00386026	19.9592	0.00298864	-5.77273	0.00474479	15.3155	0.00301172
1024	-8.09554	0.00371137	19.3224	0.00283844	-5.49091	0.00438612	14.8106	0.0028332
1025	-7.69517	0.00339506	18.6799	0.00274091	-5.22471	0.00443534	14.3032	0.0028497
1026	-7.33222	0.00385878	18.0904	0.00289156	-4.9821	0.00463783	13.8399	0.00292748
1027	-7.02593	0.00369161	17.5562	0.0027834	-4.76631	0.00453165	13.4239	0.00283486
1028	-6.71374	0.00345811	17.029	0.00263199	-4.56078	0.00436493	13.011	0.00275954
1029	-6.43769	0.0036112	16.5475	0.00280302	-4.36776	0.00441772	12.6365	0.00282605
1030	-6.20562	0.00361601	16.1197	0.00275599	-4.21449	0.00416418	12.309	0.00266905
1031	-5.9712	0.00326193	15.6901	0.00250562	-4.05449	0.00418425	11.9693	0.00268664
1032	-5.76129	0.00344551	15.291	0.00266956	-3.91013	0.00422704	11.6594	0.00267297
1033	-5.54925	0.00317889	14.8806	0.00253159	-3.76386	0.00421963	11.3415	0.0026438
1034	-5.36326	0.00323754	14.5224	0.00245524	-3.63919	0.00429022	11.0611	0.00267292
1035	-5.20163	0.00334577	14.2155	0.00254555	-3.53211	0.00430098	10.8226	0.0027152
1036	-5.04179	0.00386849	13.9045	0.00281263	-3.42321	0.0041366	10.5843	0.00257881
1037	-4.90208	0.00352693	13.6232	0.00267957	-3.32598	0.00430763	10.3637	0.0026631
1038	-4.7794	0.0037883	13.3731	0.00279976	-3.24943	0.00441275	10.1741	0.00277687
1039	-4.66366	0.00423307	13.1252	0.00302694	-3.16336	0.00416587	9.97961	0.00262897
1040	-4.55274	0.00366673	12.898	0.00271056	-3.0893	0.00425909	9.80642	0.0026174
1041	-4.45264	0.00338766	12.7024	0.00262257	-3.02441	0.00406581	9.65273	0.00254394
1042	-4.35939	0.00339873	12.5193	0.00257989	-2.96947	0.00429789	9.51699	0.00268692
