	Point 2 (Reference Step: 0)		Point 2 (Reference Step: 0)	
Step No.	x Displacement	Uncertainty of x Displacement	y Displacement	Uncertainty of y Displacement
	Displacement/mm	Displacement/mm	Displacement/mm	Displacement/mm
0	0	0.00069148	0	0.000173372
1	0.000692942	0.00114223	0.000154895	0.00062484
2	0.000120817	0.0012154	0.000765734	0.000675677
3	0.00127469	0.00113059	0.00120027	0.000615748
4	0.0012352	0.00112649	0.00114316	0.000614027
5	0.00150852	0.00118675	0.00194401	0.000659362
6	0.00194473	0.0011744	0.000929076	0.000648082
7	-0.000359268	0.00115316	0.00270557	0.000630952
8	0.000175366	0.00116104	0.00174211	0.000638097
9	0.000692	0.00123779	0.00279168	0.000692328
10	0.000660594	0.00115948	0.00341932	0.000638257
11	0.000244989	0.00125196	0.00540519	0.000702515
12	0.00144224	0.00115762	0.00403722	0.000634789
13	-0.000703877	0.00125686	0.00644549	0.000700294
14	0.000377615	0.00121803	0.00807214	0.000678469
15	0.000126737	0.00134017	0.0153999	0.000760654
16	-0.0134696	0.00233165	0.211067	0.00130914
17	-0.0215046	0.00232838	0.554798	0.00128443
18	-0.0496636	0.00227405	1.04659	0.00128557
19	-0.116256	0.00222934	1.93481	0.001257
20	-0.213069	0.00258643	3.19974	0.00141289
21	-0.294318	0.00231933	3.97303	0.00129401
22	-0.393614	0.00230421	4.81613	0.00130104
23	-0.452363	0.00249453	5.27914	0.00137008
24	-0.496444	0.00252108	5.57826	0.00138924
25	-0.528156	0.00246257	5.78283	0.00136694
26	-0.546487	0.00259174	5.9233	0.00142249
27	-0.559714	0.00253037	6.01424	0.00139544
28	-0.56921	0.00251386	6.07908	0.00138479
29	-0.574375	0.00248059	6.11859	0.00137532
30	-0.580076	0.00246642	6.14986	0.00136493
31	-0.589905	0.00254502	6.23033	0.00140275
32	-0.60735	0.00263962	6.33815	0.00143054
33	-0.621728	0.0024457	6.42527	0.00135791
34	-0.630537	0.00254062	6.49541	0.00139549
35	-0.65017	0.00250969	6.60411	0.00138276
36	-0.681981	0.00256949	6.7795	0.00140962
37	-0.708864	0.0026999	6.93243	0.00145382
38	-0.7271	0.00256175	7.05862	0.00139179
39	-0.741371	0.00242565	7.15939	0.00135445
40	-0.757107	0.00260634	7.24612	0.00141205
41	-0.778199	0.00259629	7.35545	0.001415
42	-0.798301	0.00250679	7.45611	0.00137181
43	-0.811577	0.00244667	7.54193	0.00135242
44	-0.826104	0.00249878	7.61054	0.00137048
45	-0.83254	0.00245536	7.66278	0.00136157
46	-0.837758	0.00259529	7.70416	0.00141771
47	-0.846296	0.00262696	7.73888	0.00142664
48	-0.849671	0.00247944	7.79487	0.00137341
49	-0.8659	0.00256243	7.85852	0.00140442
50	-0.872353	0.0024866	7.91009	0.00137938
51	-0.882874	0.00250121	7.95378	0.00139177
52	-0.889524	0.00250654	7.99324	0.00139769
53	-0.893218	0.00238837	8.02512	0.00134357
54	-0.900761	0.00240061	8.05045	0.00134859
55	-0.906242	0.00246689	8.07207	0.00137549
56	-0.911674	0.00247473	8.09274	0.0013816
57	-0.915124	0.00244393	8.11026	0.00136848
58	-0.918135	0.00245298	8.13078	0.0013694
59	-0.91917	0.00235082	8.14119	0.00132345
60	-0.922551	0.00234791	8.15646	0.00132296
61	-0.924657	0.00239613	8.1693	0.00134326
62	-0.924154	0.00242078	8.18218	0.00135962
63	-0.929741	0.00256032	8.19197	0.00141231
64	-0.930108	0.00255231	8.20524	0.00142036
65	-0.936361	0.00249415	8.21307	0.00139167
66	-0.937449	0.00248953	8.22585	0.00139423
67	-0.938289	0.00254915	8.23491	0.00141601
68	-0.941088	0.00262989	8.24707	0.00144572
69	-0.943817	0.00253898	8.25663	0.00140467
70	-0.946459	0.00253457	8.26699	0.00140458
71	-0.948298	0.00252095	8.2782	0.00139853
72	-0.948914	0.00249684	8.28748	0.00138229
73	-0.948694	0.00241448	8.29591	0.00135702
74	-0.951708	0.0023742	8.30273	0.00133775
75	-0.951356	0.00250947	8.31555	0.00138949
76	-0.954501	0.00260154	8.32146	0.00143257
77	-0.954261	0.00264509	8.33216	0.00144781
78	-0.958222	0.00272658	8.33716	0.00148715
79	-0.960481	0.00268018	8.34766	0.00145845
80	-0.961064	0.0027927	8.35362	0.00151237
81	-0.966346	0.00258087	8.36371	0.00142185
82	-0.967418	0.00264655	8.37061	0.00144667
83	-0.969057	0.00251177	8.38049	0.00138974
84	-0.969456	0.00267527	8.38483	0.00146446
85	-0.970893	0.00253455	8.39558	0.00140465
86	-0.970317	0.00260196	8.40067	0.00142474
87	-0.97136	0.00259856	8.41183	0.00143121
88	-0.974469	0.00254079	8.4171	0.00141495
89	-0.973784	0.00250622	8.42626	0.00139507
90	-0.974385	0.00248412	8.43129	0.00138752
91	-0.976195	0.0024584	8.43872	0.001376
92	-0.976522	0.00259865	8.44487	0.00143846
93	-0.977268	0.00264597	8.44953	0.00145576
94	-0.979144	0.00266755	8.45776	0.00145727
95	-0.981353	0.00269403	8.46403	0.00147726
96	-0.982403	0.00266782	8.47294	0.0014581
97	-0.982255	0.00262005	8.47449	0.00143766
98	-0.982801	0.00266117	8.48466	0.00146165
99	-0.985085	0.00257611	8.48688	0.00142183
100	-0.986761	0.00256925	8.49798	0.00141731
101	-0.987932	0.00259107	8.49918	0.00142257
102	-0.991044	0.00265	8.50897	0.00144669
103	-0.989358	0.00273971	8.51219	0.00148015
104	-0.992576	0.00254153	8.52114	0.00139793
105	-0.993644	0.00259379	8.52414	0.0014297
106	-0.993547	0.00256825	8.52929	0.00142331
107	-0.99324	0.00256779	8.53694	0.00140993
108	-0.994861	0.00246245	8.54138	0.00136899
109	-0.995838	0.00247054	8.5464	0.00137554
110	-0.995938	0.00245304	8.55317	0.00136721
111	-0.998193	0.00249587	8.55653	0.00139023
112	-0.997302	0.00247339	8.56507	0.00137161
113	-0.998332	0.00243265	8.56716	0.00135727
114	-0.998811	0.0024375	8.57327	0.001372
115	-0.998367	0.00251842	8.57591	0.00139576
116	-0.998425	0.00253857	8.58139	0.00141009
117	-1.00137	0.00256689	8.58599	0.00141207
118	-1.00282	0.00249636	8.58953	0.00138995
119	-1.00199	0.00253279	8.59592	0.00140241
120	-1.00485	0.00249701	8.59768	0.00139746
121	-1.00383	0.00260128	8.60513	0.00143254
122	-1.00522	0.00249443	8.60756	0.00139219
123	-1.00668	0.00258255	8.61184	0.00142343
124	-1.00811	0.00254468	8.61576	0.00141402
125	-1.00888	0.00259748	8.61883	0.00142812
126	-1.01048	0.0025819	8.6244	0.00141617
127	-1.01042	0.00256382	8.62888	0.0014114
128	-1.01071	0.00254579	8.63331	0.00140382
129	-1.01306	0.00253448	8.63595	0.00140307
130	-1.01179	0.0024751	8.64229	0.00137439
131	-1.01513	0.00246684	8.64223	0.00137037
132	-1.01498	0.00247337	8.65029	0.00137458
133	-1.0153	0.00252066	8.65442	0.00139901
134	-1.01624	0.00252902	8.65779	0.00140774
135	-1.01696	0.00248882	8.65712	0.00138309
136	-1.01219	0.00256007	8.6714	0.00141762
137	-1.02118	0.00248835	8.66187	0.0013894
138	-1.01636	0.00252443	8.67706	0.00140024
139	-1.01708	0.00256867	8.67303	0.00141311
140	-1.04232	0.00251278	8.78064	0.00139682
141	-1.11138	0.00250822	9.08932	0.00139982
142	-1.16695	0.00264115	9.3489	0.00146037
143	-1.25271	0.00242885	9.73242	0.00136253
144	-1.4469	0.00256734	10.6489	0.00143056
145	-1.52588	0.00269609	10.9851	0.00147613
146	-1.59731	0.0025443	11.2547	0.00143776
147	-1.68556	0.00246578	11.6142	0.00139963
148	-1.77148	0.00255192	11.9168	0.00145659
149	-1.84984	0.00248575	12.2236	0.00140063
150	-1.96804	0.00263569	12.6516	0.00147038
151	-2.05845	0.00263537	12.978	0.00148144
152	-2.12673	0.00261685	13.2016	0.0014798
153	-2.17731	0.00261957	13.391	0.00147854
154	-2.25313	0.00251026	13.637	0.00143995
155	-2.3167	0.00260836	13.8465	0.00149378
156	-2.36496	0.00257418	14.0114	0.00147851
157	-2.40313	0.00267261	14.1342	0.00151457
158	-2.43903	0.00271465	14.2477	0.00153684
159	-2.48826	0.00260756	14.4161	0.00148867
160	-2.5685	0.0027642	14.6517	0.00155972
161	-2.63461	0.00255818	14.8577	0.00148044
162	-2.69017	0.00271831	15.0245	0.00151955
163	-2.72944	0.00259542	15.1578	0.00148587
164	-2.76242	0.00264108	15.2515	0.00151273
165	-2.77988	0.0028005	15.3213	0.00157598
166	-2.80364	0.00273562	15.3796	0.00156213
167	-2.81608	0.00267909	15.4225	0.00151979
168	-2.87647	0.00258961	15.6011	0.00149583
169	-2.96303	0.00255463	15.8512	0.00147827
170	-3.04489	0.00297228	16.0679	0.00163754
171	-3.10166	0.00249968	16.2514	0.00147711
172	-3.15041	0.00283664	16.3892	0.0016259
173	-3.18425	0.00267849	16.4778	0.00153691
174	-3.20598	0.0025343	16.5464	0.00147959
175	-3.22583	0.00252957	16.5953	0.00147304
176	-3.23626	0.00249977	16.6387	0.00147037
177	-3.25141	0.00256865	16.6726	0.00149257
178	-3.26533	0.00262753	16.7051	0.00152975
179	-3.27116	0.00263341	16.727	0.00152197
180	-3.27937	0.00287327	16.7525	0.0016287
181	-3.29029	0.00291133	16.7748	0.00164505
182	-3.29904	0.00277595	16.7953	0.00159338
183	-3.30532	0.00273437	16.8098	0.00158402
184	-3.31057	0.0027083	16.8301	0.00156242
185	-3.31708	0.00277091	16.8476	0.00158686
186	-3.32318	0.00264842	16.8615	0.00153264
187	-3.32525	0.00271117	16.8781	0.00156905
188	-3.32809	0.00270094	16.8783	0.00155399
189	-3.32622	0.00275732	16.8784	0.00157629
190	-3.32634	0.00264511	16.8739	0.0015326
191	-3.32518	0.00263695	16.8768	0.00152954
192	-3.32509	0.00260349	16.873	0.00150979
193	-3.32846	0.00271103	16.8861	0.00155046
194	-3.3314	0.00268415	16.8874	0.00155627
195	-3.33494	0.00264085	16.9049	0.00153643
196	-3.33789	0.00266738	16.9046	0.00154066
197	-3.33895	0.00254897	16.9218	0.00148663
198	-3.34508	0.00248523	16.9243	0.00146233
199	-3.34599	0.00255304	16.9362	0.00149011
200	-3.35147	0.00249626	16.9467	0.00146544
201	-3.35428	0.0025449	16.9554	0.00148703
202	-3.35937	0.00253099	16.9661	0.00148284
203	-3.3606	0.00261114	16.9736	0.00150987
204	-3.36114	0.00244893	16.9846	0.0014396
205	-3.36579	0.002586	16.9918	0.00150447
206	-3.37234	0.0026332	17.0051	0.00152622
207	-3.37237	0.00266658	17.0082	0.00153652
208	-3.37374	0.00265981	17.0203	0.00152986
209	-3.37963	0.00271009	17.0274	0.00156864
210	-3.38448	0.00273246	17.0321	0.00157146
211	-3.38706	0.00265612	17.0448	0.00155681
212	-3.39196	0.00265622	17.0556	0.00154877
213	-3.39664	0.00266248	17.0573	0.00154318
214	-3.3944	0.00271436	17.0749	0.00157482
215	-3.40133	0.00260604	17.0703	0.00151612
216	-3.40298	0.00266846	17.0838	0.00154119
217	-3.40908	0.00267377	17.0905	0.00156763
218	-3.40882	0.00257207	17.0983	0.00151346
219	-3.41562	0.0025838	17.1042	0.0015168
220	-3.4148	0.00260052	17.1116	0.00152418
221	-3.4159	0.00262623	17.1195	0.00153364
222	-3.4211	0.00258905	17.1223	0.00152041
223	-3.42293	0.00265241	17.1334	0.00155612
224	-3.42684	0.00263648	17.1331	0.00154801
225	-3.42882	0.00277962	17.1478	0.00161665
226	-3.43127	0.00274154	17.1501	0.00158795
227	-3.43335	0.00275776	17.1616	0.00160896
228	-3.43501	0.0027245	17.1605	0.00157538
229	-3.43918	0.00281216	17.1759	0.00162933
230	-3.44178	0.00277196	17.1772	0.00161923
231	-3.44389	0.00271443	17.1891	0.00158962
232	-3.44642	0.00274154	17.1905	0.00159686
233	-3.44904	0.00259956	17.1995	0.0015352
234	-3.451	0.00274156	17.2028	0.00158652
235	-3.45206	0.00260232	17.2111	0.00152916
236	-3.45607	0.00251517	17.2166	0.0014798
237	-3.4584	0.0024693	17.2249	0.00146612
238	-3.45991	0.00261536	17.2255	0.00153232
239	-3.46219	0.00246293	17.2315	0.00145938
240	-3.46223	0.00243652	17.2366	0.00144857
241	-3.46547	0.00238049	17.2426	0.00142646
242	-3.46801	0.00244464	17.247	0.00146149
243	-3.46808	0.00238004	17.2537	0.00142098
244	-3.47259	0.00236768	17.2595	0.00142421
245	-3.47096	0.00239275	17.262	0.00143805
246	-3.47302	0.00237124	17.2691	0.00142742
247	-3.47446	0.00241779	17.2755	0.00144216
248	-3.47489	0.00242833	17.2805	0.00144688
249	-3.48342	0.00249284	17.2852	0.00148141
250	-3.48384	0.00237725	17.2943	0.00142749
251	-3.48588	0.00254159	17.2969	0.00150631
252	-3.48089	0.00240872	17.3074	0.00143839
253	-3.48155	0.00240616	17.303	0.00144068
254	-3.48493	0.0025736	17.3149	0.00151815
255	-3.49002	0.00258007	17.3134	0.00150146
256	-3.4921	0.00261632	17.3234	0.00153771
257	-3.49354	0.0025662	17.3201	0.00151413
258	-3.49763	0.00260671	17.3294	0.00152586
259	-3.50019	0.00259734	17.3331	0.00151605
260	-3.5115	0.00249225	17.3656	0.00148519
261	-3.64366	0.00261285	17.6882	0.00153713
262	-3.79112	0.00257918	18.047	0.00152579
263	-3.9236	0.00255028	18.3656	0.00152619
264	-4.43968	0.00238108	19.7051	0.00147815
265	-4.71187	0.00250195	20.2931	0.00153836
266	-4.90473	0.00252603	20.72	0.00154782
267	-5.0288	0.00258454	20.985	0.001583
268	-5.10612	0.00248194	21.1636	0.00153063
269	-5.16054	0.00262018	21.2746	0.00159658
270	-5.21356	0.00236642	21.3756	0.00149555
271	-5.41045	0.00257373	21.7779	0.00160562
272	-5.63231	0.00239413	22.2469	0.00150902
273	-5.78484	0.0025531	22.5676	0.00158732
274	-5.87177	0.00252029	22.7354	0.00158608
275	-5.93083	0.00247382	22.8495	0.00155687
276	-5.97498	0.00244251	22.9257	0.00155245
277	-6.00384	0.00242729	22.9867	0.00155673
278	-6.0187	0.00235666	23.0415	0.0015254
279	-6.13675	0.0025388	23.2435	0.00160296
280	-6.27837	0.00256763	23.4955	0.00161582
281	-6.37017	0.00256072	23.6671	0.00163054
282	-6.45718	0.00245677	23.8331	0.00158644
283	-6.52096	0.0024701	23.9565	0.00159074
284	-6.56394	0.00256746	24.0539	0.00164271
285	-6.59192	0.00232908	24.1091	0.00153144
286	-6.62323	0.00244956	24.1569	0.00160867
287	-6.67781	0.0023908	24.2421	0.00155682
288	-6.85697	0.00249866	24.5596	0.00164243
289	-7.02739	0.0024303	24.868	0.00159788
290	-7.1649	0.00249905	25.1169	0.00164285
291	-7.24871	0.00242434	25.2721	0.00161013
292	-7.31125	0.00243504	25.3655	0.00162901
293	-7.35003	0.0024632	25.4387	0.0016276
294	-7.22765	0.00249742	25.2427	0.00164899
295	-7.09869	0.00247107	25.0378	0.00159808
296	-7.00898	0.00253634	24.884	0.00163947
297	-6.95119	0.00250806	24.7926	0.00164863
298	-6.916	0.00249195	24.7298	0.00162748
299	-6.89705	0.00243745	24.701	0.00159781
300	-6.92513	0.00245081	24.744	0.00160962
301	-7.01672	0.0024183	24.8966	0.00157422
302	-7.07878	0.00248775	25.0073	0.00160442
303	-7.13116	0.00247231	25.0839	0.00163458
304	-7.16514	0.00248653	25.1424	0.00163104
305	-7.19093	0.00251331	25.1865	0.00164991
306	-7.20706	0.00251126	25.2073	0.00163617
307	-7.22207	0.00250204	25.2387	0.00166015
308	-7.23434	0.0025232	25.2558	0.00165973
309	-7.24298	0.00254404	25.2791	0.00166173
310	-7.25583	0.00245939	25.2887	0.00162107
311	-7.26819	0.0023795	25.3074	0.00159805
312	-7.27318	0.0023028	25.318	0.00155465
313	-7.28188	0.00242078	25.3295	0.00161199
314	-7.289	0.00241178	25.3408	0.00160893
315	-7.29598	0.00246328	25.3542	0.00163469
316	-7.30061	0.00247079	25.3636	0.00163977
317	-7.30605	0.00239911	25.3764	0.00160782
318	-7.31202	0.00244083	25.3904	0.00161466
319	-7.31786	0.0025401	25.3987	0.00167233
320	-7.32272	0.00245549	25.4122	0.00162327
321	-7.33011	0.00248223	25.4204	0.00162964
322	-7.34015	0.00255727	25.4342	0.00167053
323	-7.34855	0.00249494	25.4456	0.0016425
324	-7.35618	0.0023669	25.4591	0.0015803
325	-7.36156	0.00246243	25.4661	0.00162788
326	-7.3693	0.00248849	25.478	0.00164796
327	-7.37598	0.0024155	25.4874	0.00162483
328	-7.38684	0.00246563	25.509	0.00164127
329	-7.40751	0.00238756	25.5457	0.00160535
330	-7.42505	0.0023935	25.5712	0.00160821
331	-7.43849	0.00245805	25.595	0.00163275
332	-7.452	0.00254598	25.6088	0.00169489
333	-7.46084	0.00243634	25.6317	0.00162216
334	-7.46695	0.0024676	25.6455	0.0016369
335	-7.47462	0.00250177	25.6607	0.00165072
336	-7.48421	0.00252761	25.6693	0.00166146
337	-7.49194	0.00245649	25.6848	0.00163545
338	-7.50012	0.00243342	25.6913	0.00163468
339	-7.50788	0.00254	25.7038	0.00168799
340	-7.51482	0.00241124	25.71	0.00162357
341	-7.51853	0.002383	25.7242	0.00160497
342	-7.53033	0.00240472	25.7319	0.00161595
343	-7.53215	0.00234962	25.7435	0.00159029
344	-7.53769	0.0024099	25.7502	0.00162733
345	-7.54355	0.00244417	25.7663	0.0016255
346	-7.5512	0.00254327	25.7728	0.00168403
347	-7.55392	0.00246862	25.7849	0.00163088
348	-7.56075	0.00250192	25.7933	0.00165731
349	-7.56667	0.00252167	25.8045	0.00166552
350	-7.57128	0.00257623	25.8137	0.00169324
351	-7.57711	0.00248609	25.8204	0.00165835
352	-7.58472	0.0026182	25.8298	0.00172524
353	-7.58765	0.00256003	25.8399	0.00169137
354	-7.5963	0.00247775	25.8484	0.0016562
355	-7.59978	0.00246525	25.858	0.00164593
356	-7.60581	0.0025028	25.8618	0.0016745
357	-7.61091	0.00250826	25.8736	0.00168009
358	-7.61518	0.00255947	25.8824	0.00169384
359	-7.6199	0.00255644	25.887	0.00170798
360	-7.62588	0.00252831	25.8968	0.00167037
361	-7.63235	0.00253608	25.9078	0.00165911
362	-7.63733	0.00253723	25.9181	0.00167488
363	-7.64061	0.00256421	25.9209	0.00167612
364	-7.64778	0.00249527	25.9327	0.00164906
365	-7.65083	0.00247866	25.9392	0.00163907
366	-7.65626	0.00238505	25.9476	0.0016027
367	-7.66085	0.00233831	25.9526	0.00157314
368	-7.66686	0.00231309	25.9611	0.00156604
369	-7.67019	0.00243534	25.9661	0.00161205
370	-7.67495	0.00228562	25.9788	0.00154746
371	-7.67888	0.00236108	25.9781	0.00158593
372	-7.68298	0.0022979	25.9892	0.00156588
373	-7.68531	0.00229466	25.9921	0.00156189
374	-7.69018	0.00245363	26.0027	0.00165762
375	-7.69334	0.00246576	26.0078	0.00165369
376	-7.69749	0.0025122	26.0194	0.00168578
377	-7.70083	0.00247013	26.0267	0.00165933
378	-7.70323	0.00256609	26.0351	0.00170311
379	-7.70619	0.00243852	26.0409	0.00162659
380	-7.71016	0.00252998	26.0493	0.00167727
381	-7.71417	0.00259818	26.0528	0.00170975
382	-7.71299	0.00253756	26.0677	0.00168399
383	-7.72633	0.00264406	26.0698	0.00172573
384	-7.72398	0.00253924	26.0752	0.00168224
385	-7.7317	0.00251912	26.0829	0.00167446
386	-7.73155	0.00257157	26.0911	0.00169364
387	-7.74302	0.00249088	26.0961	0.00166735
388	-7.74688	0.00252261	26.0988	0.00167802
389	-7.75169	0.00252893	26.1066	0.00168224
390	-7.75639	0.00240412	26.1136	0.00163028
391	-7.76073	0.00251158	26.1132	0.0016849
392	-7.76371	0.00252815	26.1289	0.0017093
393	-7.76816	0.00245898	26.1291	0.00165745
394	-7.77493	0.00249757	26.1345	0.00168071
395	-7.77569	0.00251929	26.1398	0.00169937
396	-7.78375	0.00256029	26.1474	0.00172067
397	-7.78599	0.00252169	26.155	0.0016989
398	-7.7888	0.00249562	26.1612	0.00167518
399	-7.79337	0.00251005	26.1706	0.00166802
400	-7.91303	0.00247217	26.3533	0.00163728
401	-8.105	0.00228691	26.6577	0.00155837
402	-8.24941	0.00247325	26.8777	0.001662
403	-8.36641	0.00238885	27.0647	0.00163277
404	-8.76981	0.00223069	27.7696	0.00157161
405	-8.9025	0.00244711	27.966	0.00167577
406	-9.00842	0.00225987	28.1209	0.00158605
407	-9.10367	0.00234976	28.2578	0.00162795
408	-9.31519	0.00226134	28.5648	0.00158218
409	-9.51599	0.00232787	28.8472	0.00165354
410	-9.65283	0.00241347	29.0562	0.00169329
411	-9.77491	0.00229421	29.2248	0.0016507
412	-10.0783	0.00236204	29.6523	0.00169683
413	-10.4003	0.00230936	30.1046	0.00166835
414	-10.5917	0.00227879	30.3569	0.00168579
415	-10.7174	0.00228127	30.5214	0.00168388
416	-10.8039	0.0022228	30.6435	0.00166648
417	-10.9287	0.00237416	30.8007	0.00172685
418	-11.0493	0.00231809	30.9556	0.00171321
419	-11.1452	0.00244544	31.0844	0.00176095
420	-11.2201	0.00234599	31.174	0.00174182
421	-11.2697	0.002513	31.2481	0.00180664
422	-11.3164	0.00229996	31.3044	0.00171298
423	-11.4231	0.00239571	31.4372	0.00175383
424	-11.5686	0.00227295	31.6184	0.00169272
425	-11.6942	0.00229263	31.7761	0.00171524
426	-11.7999	0.00247435	31.9193	0.00182581
427	-11.8866	0.00231643	32.0384	0.00175241
428	-11.9554	0.00237822	32.1302	0.00176715
429	-12.0295	0.00235998	32.2227	0.00174653
430	-12.1627	0.00235177	32.3756	0.00173467
431	-12.2763	0.00230948	32.5179	0.00172603
432	-12.3636	0.00225903	32.6298	0.0016866
433	-12.439	0.00230754	32.7146	0.00174615
434	-12.4868	0.00230508	32.7778	0.00174381
435	-12.5307	0.00222434	32.8278	0.00170578
436	-12.5634	0.00233828	32.8655	0.00175649
437	-12.5917	0.00230078	32.9017	0.00173662
438	-12.6415	0.00219923	32.9561	0.00170128
439	-12.7258	0.00230312	33.055	0.00176608
440	-12.7993	0.00228033	33.1341	0.00174782
441	-12.8559	0.00217567	33.2025	0.00169604
442	-12.902	0.00239226	33.2551	0.00181083
443	-12.9411	0.00219916	33.2976	0.0016869
444	-12.9722	0.00222931	33.3358	0.0017151
445	-12.9973	0.00221617	33.3711	0.00171614
446	-13.0289	0.00229468	33.3983	0.0017561
447	-13.0537	0.00222411	33.425	0.00170523
448	-13.0709	0.00213648	33.4508	0.00166591
449	-13.0907	0.00214496	33.4736	0.00167913
450	-13.108	0.00219982	33.4946	0.00171612
451	-13.1271	0.00219423	33.5155	0.00172651
452	-13.1467	0.00243371	33.5349	0.00188542
453	-13.1651	0.00240722	33.5576	0.00184668
454	-13.1839	0.00224461	33.5725	0.00174112
455	-13.1981	0.00212211	33.5907	0.00166417
456	-13.2104	0.00214055	33.61	0.00169845
457	-13.2239	0.00220912	33.6248	0.00175574
458	-13.239	0.00230446	33.6442	0.00179702
459	-13.2545	0.00220227	33.6592	0.00173783
460	-13.2695	0.00234563	33.6747	0.00180915
461	-13.2871	0.00231726	33.6887	0.0017949
462	-13.3023	0.00225652	33.7063	0.00172881
463	-13.3146	0.00232915	33.7178	0.0017926
464	-13.3243	0.00217842	33.7349	0.00170243
465	-13.3338	0.00216487	33.7483	0.00170898
466	-13.3445	0.0022057	33.7616	0.00173999
467	-13.3569	0.00223531	33.7781	0.00176567
468	-13.3692	0.00229829	33.7906	0.00179644
469	-13.3824	0.00225647	33.8031	0.00178011
470	-13.3976	0.00236058	33.814	0.00181679
471	-13.4117	0.00234703	33.8318	0.00180539
472	-13.4232	0.00234852	33.8431	0.00178384
473	-13.4332	0.00229589	33.8565	0.00175739
474	-13.4438	0.0023342	33.865	0.00179833
475	-13.4531	0.00225484	33.8802	0.00175543
476	-13.4603	0.00215519	33.8909	0.00169509
477	-13.4702	0.00222689	33.9036	0.00175245
478	-13.4792	0.00222582	33.9157	0.00176059
479	-13.4928	0.00222573	33.9281	0.00174831
480	-13.5035	0.00229437	33.9383	0.00179594
481	-13.516	0.00227363	33.95	0.00178999
482	-13.5256	0.00227904	33.9602	0.00179304
483	-13.538	0.00229264	33.9724	0.00177198
484	-13.5536	0.00222913	33.9838	0.00175141
485	-13.5586	0.00230949	33.9944	0.00179535
486	-13.5688	0.00219384	34.0034	0.0017192
487	-13.5759	0.00223023	34.015	0.00173865
488	-13.5839	0.00222606	34.0261	0.00173089
489	-13.5928	0.00214778	34.0378	0.00169832
490	-13.6001	0.00217431	34.0443	0.00172231
491	-13.6096	0.00207125	34.0567	0.00167388
492	-13.6183	0.00217371	34.0651	0.00172632
493	-13.6282	0.00222923	34.0735	0.0017504
494	-13.6409	0.00222354	34.0843	0.00174445
495	-13.6508	0.00227413	34.095	0.00177083
496	-13.6622	0.00222263	34.1052	0.00175455
497	-13.6712	0.00225879	34.1142	0.00176554
498	-13.6766	0.00223295	34.1235	0.00175851
499	-13.6873	0.00233813	34.1322	0.00181897
500	-13.6971	0.00233319	34.1443	0.00180031
501	-13.7029	0.00220944	34.1491	0.00171875
502	-13.7105	0.00220069	34.1622	0.0017148
503	-13.7159	0.0022183	34.1707	0.00173699
504	-13.7237	0.00221287	34.1784	0.00173014
505	-13.7307	0.00209405	34.1884	0.00165965
506	-13.7385	0.00215678	34.1981	0.00172183
507	-13.7475	0.00215946	34.2044	0.00171536
508	-13.7569	0.00221576	34.2145	0.00175539
509	-13.7649	0.00220671	34.2244	0.00175863
510	-13.7746	0.00224125	34.2301	0.00176602
511	-13.7838	0.00219363	34.242	0.00174804
512	-13.7908	0.00221589	34.2453	0.00175846
513	-13.7994	0.00223268	34.257	0.00175291
514	-13.8053	0.00232176	34.2653	0.00181334
515	-13.867	0.00216059	34.3307	0.00171253
516	-14.2512	0.00226398	34.7204	0.00178479
517	-14.7922	0.00218236	35.3609	0.00177291
518	-14.9976	0.00208469	35.5849	0.00171874
519	-15.2174	0.00223553	35.7885	0.00182746
520	-15.682	0.00211553	36.2496	0.00177594
521	-16.0555	0.00207246	36.6105	0.00171486
522	-16.2991	0.00226891	36.8451	0.00185154
523	-16.5805	0.00221115	37.1101	0.00183095
524	-16.816	0.00222076	37.3385	0.00185651
525	-16.976	0.00202326	37.4778	0.00173647
526	-17.0804	0.00208914	37.5797	0.00179591
527	-17.1543	0.00220473	37.6408	0.00187997
528	-17.3721	0.00215494	37.8384	0.00183663
529	-17.6773	0.00218496	38.1068	0.00187584
530	-17.9371	0.00222999	38.3442	0.00186909
531	-18.1073	0.00204772	38.5066	0.00179923
532	-18.2237	0.00200503	38.6104	0.00175421
533	-18.3014	0.00210817	38.682	0.00183723
534	-18.3734	0.00191397	38.7371	0.0016861
535	-18.5461	0.00210633	38.8897	0.00184213
536	-18.7661	0.00200684	39.0701	0.00179456
537	-18.9387	0.00205197	39.222	0.00179725
538	-19.067	0.00221851	39.3307	0.00193148
539	-19.163	0.00215717	39.41	0.00189984
540	-19.2345	0.00209975	39.472	0.00186174
541	-19.313	0.0021484	39.5421	0.001889
542	-19.4986	0.00219936	39.6796	0.00190568
543	-19.6472	0.00209282	39.8061	0.0018278
544	-19.7579	0.00207018	39.8963	0.00183373
545	-19.8354	0.00221864	39.9662	0.0019663
546	-19.9119	0.00198424	40.0194	0.00177315
547	-19.9627	0.00210202	40.0675	0.00187705
548	-20.0103	0.0021957	40.1039	0.00192932
549	-20.0523	0.00190941	40.1375	0.00173955
550	-20.0866	0.0019505	40.1689	0.00176357
551	-20.1201	0.00213128	40.1949	0.00190286
552	-20.1925	0.00207193	40.2482	0.00186236
553	-20.2828	0.00203656	40.3133	0.0018366
554	-20.3497	0.00210819	40.3712	0.00187691
555	-20.4115	0.00191571	40.4157	0.00176285
556	-20.4597	0.00197219	40.4565	0.0018203
557	-20.4984	0.00215476	40.4868	0.00192748
558	-20.5382	0.0021214	40.5166	0.00190852
559	-20.5734	0.00181367	40.5448	0.00170293
560	-20.6056	0.00197047	40.5724	0.00180816
561	-20.6404	0.00216233	40.5941	0.00193853
562	-20.6702	0.00218508	40.6146	0.00195005
563	-20.6945	0.00209896	40.638	0.00190338
564	-20.7205	0.00200703	40.6597	0.00183769
565	-20.7453	0.00203217	40.68	0.00182689
566	-20.7732	0.00211591	40.699	0.0018749
567	-20.8028	0.00194947	40.7177	0.00178351
568	-20.8244	0.00215532	40.7357	0.00194876
569	-20.8456	0.00216511	40.7562	0.00197993
570	-20.8678	0.00206937	40.773	0.00189954
571	-20.8919	0.00217845	40.7879	0.00193833
572	-20.9167	0.00206101	40.8059	0.00184045
573	-20.94	0.00194707	40.8181	0.00177353
574	-20.9589	0.00203762	40.8344	0.00185132
575	-20.9771	0.00209424	40.8505	0.00191559
576	-20.9964	0.00209494	40.8679	0.0019258
577	-21.0177	0.00213837	40.8798	0.00196522
578	-21.0396	0.00215306	40.8943	0.00195516
579	-21.0607	0.00213042	40.907	0.00193206
580	-21.0826	0.00206589	40.923	0.00189567
581	-21.0994	0.00199828	40.9365	0.00184842
582	-21.1163	0.00213342	40.9521	0.00193756
583	-21.1347	0.00215635	40.9659	0.00194575
584	-21.1544	0.00212144	40.9788	0.001898
585	-21.175	0.00215165	40.9908	0.00192788
586	-21.1947	0.0020291	41.0022	0.00186494
587	-21.2102	0.00204617	41.0186	0.00188657
588	-21.2267	0.00209825	41.0296	0.00194243
589	-21.2434	0.00204243	41.046	0.00190461
590	-21.262	0.00214568	41.0575	0.00198546
591	-21.2791	0.00221625	41.0674	0.00198617
592	-21.2992	0.00216167	41.0787	0.0019347
593	-21.3183	0.00209733	41.0905	0.00189034
594	-21.3333	0.00202371	41.102	0.00182916
595	-21.3484	0.00208031	41.1153	0.00187695
596	-21.3651	0.00216704	41.1304	0.00194672
597	-21.3771	0.00206421	41.1401	0.0019094
598	-21.3912	0.00213059	41.1505	0.00197204
599	-21.4065	0.00207964	41.1613	0.00193751
600	-21.4235	0.00212215	41.1721	0.00199304
601	-21.4422	0.00205186	41.1818	0.00190838
602	-21.4571	0.001904	41.193	0.00178273
603	-21.4703	0.00200314	41.2032	0.00186872
604	-21.484	0.00208982	41.2137	0.00190896
605	-21.5018	0.00211308	41.2294	0.00189573
606	-21.5139	0.00216918	41.2386	0.00195324
607	-21.5297	0.00219366	41.249	0.00194758
608	-21.5448	0.00209855	41.257	0.00190212
609	-21.5563	0.00206241	41.2667	0.0018987
610	-21.5734	0.00195239	41.2766	0.00184154
611	-21.5856	0.00201345	41.2868	0.00187824
612	-21.5976	0.00198167	41.296	0.00186684
613	-21.6126	0.00204786	41.3083	0.00191793
614	-21.6267	0.00207992	41.3197	0.00195624
615	-21.6393	0.0021819	41.329	0.00200844
616	-21.6524	0.00223451	41.3369	0.00202709
617	-21.667	0.00216596	41.3471	0.00198309
618	-21.6807	0.00210797	41.3551	0.0019126
619	-21.6976	0.00198466	41.365	0.00184302
620	-21.71	0.00199418	41.3742	0.00184204
621	-21.7214	0.00194351	41.3828	0.00180917
622	-21.7511	0.00196708	41.4066	0.00182517
623	-22.1767	0.00208822	41.6839	0.00195072
624	-22.8167	0.00213536	42.1825	0.00195495
625	-23.171	0.00207205	42.4327	0.0019504
626	-23.4528	0.00201564	42.6268	0.00192959
627	-24.0093	0.00199778	42.9844	0.00189979
628	-24.4157	0.00204194	43.2567	0.00192638
629	-24.6787	0.00202184	43.4278	0.00193261
630	-24.9934	0.00199016	43.6173	0.00195662
631	-25.6584	0.0019141	44.0267	0.00190625
632	-26.1331	0.00208806	44.3099	0.00201744
633	-26.396	0.00201154	44.4605	0.00195318
634	-26.852	0.00184329	44.7035	0.00186799
635	-27.3326	0.00168894	44.9864	0.00173983
636	-27.6636	0.0020968	45.1761	0.00209387
637	-27.8539	0.00173199	45.2772	0.00176513
638	-27.9868	0.0017734	45.3413	0.00181597
639	-28.0814	0.00184891	45.392	0.00189247
640	-28.1764	0.00210305	45.4377	0.00210441
641	-28.3308	0.00186821	45.5082	0.00189839
642	-28.4576	0.002062	45.5704	0.0020696
643	-28.5557	0.00193704	45.6134	0.00198945
644	-28.634	0.00171652	45.6546	0.0017853
645	-28.7333	0.00196176	45.6985	0.00196841
646	-28.8649	0.00182355	45.7644	0.00184675
647	-29.0182	0.00191645	45.8351	0.00194705
648	-29.1455	0.00180171	45.8973	0.00186517
649	-29.2518	0.00190012	45.9534	0.00193345
650	-29.3434	0.00191514	46.0025	0.00203532
651	-29.4173	0.00183448	46.0357	0.00187983
652	-29.4822	0.00189675	46.0697	0.00195998
653	-29.5391	0.00186938	46.0995	0.00190508
654	-29.5922	0.00189075	46.1235	0.00194458
655	-29.6383	0.00195661	46.1443	0.00201444
656	-29.6786	0.0019482	46.1624	0.00200696
657	-29.7129	0.00186461	46.1758	0.00190255
658	-29.7371	0.00181337	46.1891	0.00187354
659	-29.7506	0.0018621	46.1932	0.00192581
660	-29.7536	0.00181956	46.1991	0.0018789
661	-29.7669	0.00195855	46.2038	0.00199696
662	-29.7846	0.00194695	46.2143	0.00200104
663	-29.8139	0.00190199	46.2237	0.001937
664	-29.8412	0.00185317	46.2383	0.00190377
665	-29.8676	0.00187659	46.2489	0.00192264
666	-29.8952	0.00187626	46.2619	0.00194444
667	-29.925	0.00187062	46.2734	0.00194759
668	-29.9528	0.00190514	46.2832	0.00197584
669	-29.9827	0.0018593	46.2984	0.00192595
670	-30.0105	0.00191172	46.3066	0.00196907
671	-30.0374	0.00187421	46.3208	0.00194648
672	-30.0674	0.00193583	46.3316	0.00200309
673	-30.0965	0.00193959	46.3422	0.00198271
674	-30.1227	0.00191225	46.356	0.00194579
675	-30.1472	0.00189954	46.3697	0.00192041
676	-30.1732	0.0019236	46.3818	0.00195217
677	-30.2005	0.00181914	46.3904	0.00190008
678	-30.2313	0.00185271	46.4031	0.00191021
679	-30.2567	0.00178679	46.4129	0.00186318
680	-30.2797	0.00186355	46.4235	0.00189313
681	-30.3041	0.00193217	46.4331	0.0019775
682	-30.3318	0.00190166	46.4463	0.00197484
683	-30.3611	0.0019149	46.4527	0.00198614
684	-30.3804	0.00192836	46.4686	0.00197317
685	-30.4076	0.00196329	46.4776	0.00197026
686	-30.4249	0.00187977	46.49	0.00191612
687	-30.4498	0.00202476	46.4987	0.00202647
688	-30.4761	0.00191258	46.5092	0.00196747
689	-30.4986	0.00186955	46.5189	0.00194446
690	-30.522	0.00187157	46.529	0.00195065
691	-30.541	0.00192677	46.5366	0.00197551
692	-30.566	0.00185452	46.5456	0.00191731
693	-30.5914	0.00193839	46.5565	0.00200206
694	-30.6184	0.00191983	46.5631	0.00198658
695	-30.6376	0.00194323	46.5769	0.00202583
696	-30.658	0.0019338	46.582	0.0020053
697	-30.6785	0.00202329	46.5962	0.00206
698	-30.7016	0.00198429	46.602	0.00202091
699	-30.7247	0.00195547	46.6139	0.00201364
700	-30.7446	0.00195289	46.6245	0.00202938
701	-30.764	0.001952	46.6333	0.00205367
702	-30.784	0.00192152	46.6413	0.00201268
703	-30.8011	0.00180649	46.6465	0.00192078
704	-30.8222	0.00189025	46.6591	0.00195806
705	-30.8455	0.00185774	46.6648	0.00195474
706	-30.8669	0.00186258	46.6739	0.0019473
707	-30.8893	0.00194599	46.6814	0.00203323
708	-30.9103	0.00196455	46.6902	0.00202157
709	-30.9259	0.00188528	46.6991	0.00199966
710	-30.9472	0.00199055	46.708	0.00206238
711	-30.9679	0.00204335	46.7164	0.00208107
712	-30.9944	0.00208336	46.7232	0.00208691
713	-31.009	0.00205529	46.7328	0.00210036
714	-31.0263	0.00204816	46.7387	0.00209289
715	-31.0433	0.00197215	46.7489	0.00206247
716	-31.058	0.00188513	46.757	0.00201155
717	-31.0762	0.00191223	46.7665	0.00202123
718	-31.0983	0.00194105	46.7725	0.00204646
719	-31.1167	0.00188714	46.7834	0.00196006
720	-31.1381	0.00196828	46.787	0.00202544
721	-31.1543	0.00185581	46.7989	0.00194402
722	-31.1701	0.00191616	46.8005	0.00198683
723	-31.1903	0.001963	46.8107	0.00201734
724	-31.2041	0.00195734	46.8158	0.00202628
725	-31.2255	0.00188067	46.8226	0.00195302
726	-31.2446	0.00198772	46.8352	0.00202865
727	-31.2633	0.00192171	46.8387	0.00195547
728	-31.2795	0.00203511	46.8499	0.0020562
729	-31.2978	0.00202048	46.854	0.00207375
730	-31.3145	0.00207248	46.8628	0.00212411
731	-31.3283	0.00203998	46.8714	0.00212967
732	-31.3472	0.00204126	46.8773	0.00213498
733	-31.3664	0.00201297	46.8863	0.00210736
734	-31.4548	0.00192222	46.9204	0.00202002
735	-31.8738	0.00180122	47.0723	0.00191781
736	-32.5117	0.0019073	47.4029	0.00200128
737	-32.7615	0.00182066	47.4924	0.00191882
738	-32.9318	0.00188141	47.5578	0.00198386
739	-33.4245	0.00171548	47.7286	0.00187361
740	-34.0296	0.00190769	47.9576	0.00202956
741	-34.4401	0.00181899	48.1093	0.00194895
742	-34.6841	0.00193205	48.192	0.00204452
743	-34.8525	0.00183926	48.251	0.00198143
744	-34.9675	0.00185379	48.2866	0.00196089
745	-35.0493	0.00195868	48.3116	0.0020772
746	-35.1201	0.00195431	48.3399	0.0020857
747	-35.1801	0.00185098	48.3551	0.00199455
748	-35.2626	0.00188896	48.3829	0.00200835
749	-35.6065	0.00200446	48.4741	0.00214516
750	-35.9251	0.0020301	48.5787	0.00211677
751	-36.1586	0.00179581	48.6498	0.0019809
752	-36.3123	0.00197164	48.7054	0.00207885
753	-36.4711	0.00180879	48.7498	0.00198142
754	-36.8885	0.00183949	48.8621	0.00200061
755	-37.3871	0.00181085	49.0058	0.00195857
756	-37.7069	0.00190298	49.0998	0.0020784
757	-37.915	0.00182394	49.1534	0.00197607
758	-38.0594	0.00192929	49.1889	0.00208759
759	-38.1733	0.00197211	49.2221	0.00212201
760	-38.258	0.00190071	49.2436	0.00207303
761	-38.3385	0.00195552	49.2634	0.00209133
762	-38.6726	0.00201464	49.333	0.0021712
763	-39.0668	0.00186171	49.425	0.00202006
764	-39.3842	0.00203945	49.5167	0.00214748
765	-39.5859	0.00186194	49.5694	0.0020167
766	-39.7209	0.00203986	49.6027	0.00217077
767	-39.8198	0.00195532	49.6249	0.00209779
768	-39.8473	0.0019819	49.6356	0.00212321
769	-39.5979	0.00195305	49.5945	0.0021004
770	-39.0314	0.00202463	49.5001	0.00216034
771	-38.3422	0.00207799	49.3663	0.00221277
772	-37.8923	0.00186036	49.2712	0.00202614
773	-37.6373	0.00203384	49.2176	0.00214718
774	-37.4478	0.00179278	49.1752	0.00197097
775	-37.0756	0.00195716	49.0931	0.00207372
776	-36.7307	0.00184655	49.0072	0.00202671
777	-36.5182	0.00198177	48.9571	0.00206672
778	-36.4003	0.00187584	48.9253	0.00200868
779	-36.2451	0.00178723	48.8891	0.00196817
780	-35.8482	0.0017441	48.7861	0.00189608
781	-35.5188	0.0019188	48.6994	0.00204292
782	-35.3229	0.00173369	48.644	0.001905
783	-35.2044	0.00187237	48.6102	0.00202114
784	-35.1272	0.00196204	48.5935	0.00208265
785	-35.0589	0.00193894	48.5723	0.00205315
786	-34.6853	0.00187795	48.4656	0.0020264
787	-34.3242	0.00188075	48.3564	0.0020003
788	-34.0858	0.00190928	48.285	0.00202156
789	-33.7855	0.00183021	48.1911	0.00195281
790	-33.3009	0.00188773	48.0352	0.00200208
791	-32.9672	0.00194723	47.9231	0.00203846
792	-32.6783	0.00190304	47.8255	0.00201407
793	-32.0609	0.00203887	47.6019	0.00209393
794	-31.5067	0.00203079	47.3911	0.0021096
795	-31.1369	0.00205931	47.2449	0.00211145
796	-30.773	0.00194721	47.0984	0.00201303
797	-30.1378	0.00181338	46.8319	0.00191424
798	-29.6721	0.00191221	46.628	0.00197633
799	-29.3473	0.00204957	46.4799	0.00203343
800	-28.7103	0.00196579	46.1777	0.00201476
801	-28.086	0.00198394	45.8612	0.00203531
802	-27.6649	0.00207864	45.6443	0.00207387
803	-27.3013	0.00193424	45.4548	0.00193271
804	-26.7605	0.00194338	45.1631	0.00193422
805	-26.3717	0.001977	44.9488	0.00199225
806	-26.0305	0.00195047	44.7615	0.00193671
807	-25.4877	0.00204871	44.4473	0.00199218
808	-25.0146	0.00211944	44.1624	0.0020307
809	-24.6302	0.00206979	43.9285	0.00195845
810	-24.0933	0.00200856	43.594	0.00192987
811	-23.6632	0.00212841	43.318	0.00198959
812	-23.2998	0.0019844	43.0809	0.0019366
813	-22.7102	0.00203575	42.6745	0.0019087
814	-22.2418	0.00205166	42.3532	0.0019169
815	-21.8021	0.00212001	42.0399	0.00192456
816	-21.1099	0.00207554	41.5259	0.00190439
817	-20.6014	0.00211888	41.1448	0.00193823
818	-20.2117	0.00216791	40.846	0.00196198
819	-19.6259	0.00207602	40.3838	0.00185942
820	-19.1036	0.00211923	39.9607	0.00187957
821	-18.7071	0.00217068	39.6326	0.00186903
822	-18.3599	0.00215967	39.3366	0.00188317
823	-17.7661	0.00204914	38.8126	0.00177607
824	-17.1258	0.00222068	38.237	0.00191005
825	-16.6457	0.00207403	37.7939	0.00175525
826	-16.1304	0.00206407	37.3041	0.0017385
827	-15.6825	0.00223704	36.8576	0.00184059
828	-15.3613	0.002223	36.5335	0.00183688
829	-15.1275	0.00197727	36.299	0.00164451
830	-14.9481	0.00230514	36.1168	0.00186378
831	-14.814	0.00219996	35.9811	0.00178588
832	-14.7102	0.00213048	35.871	0.00172591
833	-14.6227	0.00200874	35.7831	0.00163228
834	-14.5443	0.00221918	35.7029	0.00178881
835	-14.4043	0.00221663	35.5633	0.00177802
836	-14.053	0.002188	35.1796	0.00175179
837	-13.7296	0.00215624	34.8154	0.00169594
838	-13.4497	0.0021498	34.5023	0.00169939
839	-13.0237	0.00218369	34.0056	0.00169621
840	-12.7143	0.00221793	33.6406	0.00171012
841	-12.4324	0.0023981	33.3113	0.00178777
842	-11.8553	0.00220762	32.597	0.00167862
843	-11.3263	0.002281	31.9197	0.00168255
844	-10.9164	0.00245492	31.3848	0.00175429
845	-10.3228	0.00245887	30.5877	0.00173113
846	-9.80963	0.00236498	29.8615	0.00166956
847	-9.41627	0.00233005	29.2968	0.00164186
848	-9.04698	0.00240214	28.7465	0.00168011
849	-8.64106	0.00230189	28.1276	0.00159621
850	-8.32828	0.00253103	27.6344	0.00168791
851	-7.98257	0.00245091	27.0911	0.00164304
852	-7.58658	0.00241392	26.4273	0.00159843
853	-7.26743	0.00239905	25.8726	0.0015832
854	-6.88208	0.00247746	25.1939	0.0015991
855	-6.49521	0.00241744	24.4891	0.00155236
856	-6.14589	0.00234253	23.8343	0.0015036
857	-5.69227	0.00249946	22.9375	0.0015677
858	-5.30308	0.00244349	22.1384	0.00152863
859	-4.92342	0.00252925	21.3332	0.00155246
860	-4.56083	0.00253094	20.5191	0.00154823
861	-4.19784	0.002601	19.6411	0.00153848
862	-3.94744	0.00240972	19.0564	0.00144462
863	-3.68716	0.0026035	18.3949	0.00154292
864	-3.4479	0.00268695	17.7742	0.00155379
865	-3.21162	0.00249433	17.1298	0.0014492
866	-2.98808	0.00253349	16.4988	0.00146504
867	-2.7914	0.00252794	15.9002	0.00146224
868	-2.60753	0.00252266	15.3521	0.00144624
869	-2.44423	0.00256172	14.8303	0.00146154
870	-2.3021	0.00243116	14.3567	0.0013998
871	-2.16921	0.00249023	13.9125	0.00141394
872	-2.05288	0.00257772	13.5045	0.00144866
873	-1.94738	0.002517	13.1372	0.00141981
874	-1.85136	0.00247695	12.7799	0.00139396
875	-1.77717	0.00252278	12.4973	0.00142242
876	-1.71339	0.00248486	12.2432	0.00140578
877	-1.65276	0.00258592	12.015	0.00144569
878	-1.60449	0.00232953	11.8089	0.00133707
879	-1.55689	0.00265208	11.6298	0.00147414
880	-1.5208	0.00244358	11.4694	0.00137874
881	-1.48923	0.00247494	11.3331	0.00138668
882	-1.45947	0.00247796	11.2161	0.00140181
883	-1.43145	0.00271073	11.1085	0.00149361
884	-1.40885	0.00251009	11.0143	0.00139766
885	-1.38708	0.00253324	10.9235	0.00141427
886	-1.3679	0.00256629	10.8364	0.00143404
887	-1.35129	0.00252674	10.7616	0.00142242
888	-1.33385	0.00261678	10.6849	0.00145356
889	-1.31438	0.00256608	10.6161	0.00143493
890	-1.29782	0.00245808	10.5473	0.0013847
891	-1.28345	0.00250221	10.4821	0.00139934
892	-1.26845	0.00245194	10.4207	0.00138139
893	-1.26061	0.00247276	10.364	0.00139254
894	-1.2473	0.00262052	10.3062	0.00144633
895	-1.23648	0.00249002	10.2539	0.00139177
896	-1.22791	0.00259265	10.1999	0.00142739
897	-1.21275	0.00254767	10.1477	0.00141101
898	-1.20649	0.00246496	10.0988	0.00138009
899	-1.19186	0.00254548	10.0467	0.00140479
900	-1.17995	0.00248159	9.99901	0.00138096
901	-1.16736	0.00246231	9.95179	0.00137408
902	-1.15778	0.00247749	9.90173	0.00138937
903	-1.14728	0.0023789	9.85749	0.00133585
904	-1.13835	0.00249627	9.81064	0.00139001
905	-1.12485	0.00249815	9.76595	0.00138737
906	-1.12115	0.00251332	9.72216	0.00140399
907	-1.114	0.00265393	9.67815	0.0014501
908	-1.10552	0.00263827	9.63715	0.00145155
909	-1.09529	0.00268527	9.59763	0.00146943
910	-1.08861	0.00256322	9.55476	0.00140758
911	-1.08211	0.00268679	9.51866	0.00145484
912	-1.06981	0.00265744	9.47746	0.0014378
913	-1.0634	0.0026	9.4381	0.00141377
914	-1.05867	0.00254846	9.40027	0.00140027
915	-1.04683	0.00255311	9.36292	0.00140815
916	-1.04394	0.0025268	9.32607	0.00140255
917	-1.03558	0.00257129	9.29133	0.00142437
918	-1.02507	0.00260173	9.2548	0.00143505
919	-1.01709	0.00263163	9.22296	0.00143822
920	-1.01034	0.0025659	9.18812	0.00140189
921	-1.00389	0.00258067	9.1551	0.00141178
922	-0.99454	0.00272793	9.1229	0.00148003
923	-0.991647	0.00261222	9.09348	0.00143555
924	-0.987123	0.00275733	9.06048	0.00148968
925	-0.980797	0.00265326	9.03096	0.00144661
926	-0.975004	0.00260855	8.99845	0.00143642
927	-0.968399	0.00243055	8.97084	0.00135076
928	-0.966643	0.00256094	8.94203	0.00140326
929	-0.960836	0.00255393	8.91526	0.00139612
930	-0.955888	0.00250553	8.88397	0.00138357
931	-0.948006	0.00245168	8.85783	0.00136191
932	-0.943559	0.0024147	8.8323	0.00134804
933	-0.940542	0.00244565	8.80694	0.00135173
934	-0.936622	0.00265107	8.77776	0.00144299
935	-0.929698	0.0025125	8.75278	0.0013925
936	-0.924565	0.00256904	8.72769	0.00141015
937	-0.920976	0.00241833	8.70563	0.00134334
938	-0.918097	0.00238805	8.68128	0.0013292
939	-0.913059	0.00254716	8.65742	0.00138921
940	-0.908084	0.00251681	8.63257	0.00139531
941	-0.902111	0.0024917	8.60987	0.00138222
942	-0.895039	0.00249871	8.58793	0.00137615
943	-0.890877	0.00252411	8.56805	0.00137905
944	-0.890141	0.00251583	8.54456	0.00136988
945	-0.887169	0.00247255	8.52387	0.00135986
946	-0.879577	0.0026325	8.50159	0.00142199
947	-0.872872	0.00254017	8.4817	0.001395
948	-0.870119	0.00251161	8.46041	0.001382
949	-0.867798	0.00260492	8.44257	0.00141835
950	-0.866478	0.00264674	8.42271	0.00142568
951	-0.86195	0.00256946	8.40124	0.00139104
952	-0.859907	0.00261023	8.38346	0.00141482
953	-0.874435	0.00260732	8.36486	0.00141751
954	-0.843194	0.00255403	8.35085	0.00139925
955	-0.8458	0.00247702	8.32736	0.00137002
956	-0.836789	0.00242803	8.30965	0.00135187
957	-0.836888	0.00241327	8.29345	0.00133342
958	-0.839591	0.00255891	8.27515	0.00139948
959	-0.838126	0.00254059	8.25757	0.00139393
960	-0.834082	0.00256002	8.2389	0.00141022
961	-0.829543	0.00244337	8.22295	0.00135848
962	-0.826666	0.0024308	8.20559	0.0013661
963	-0.823381	0.00239604	8.19133	0.00134257
964	-0.819329	0.00223444	8.17571	0.00126964
965	-0.821862	0.00232761	8.15933	0.00131304
966	-0.817803	0.00240478	8.14288	0.00134028
967	-0.818102	0.0024079	8.12588	0.00134406
968	-0.812076	0.00233181	8.11078	0.00130949
969	-0.808706	0.00241896	8.09411	0.00135757
970	-0.805247	0.00235001	8.07995	0.00133408
971	-0.801734	0.00228558	8.06556	0.00129454
972	-0.797958	0.00236097	8.0526	0.00133063
973	-0.797509	0.0023779	8.0375	0.00133416
974	-0.796754	0.00238869	8.02304	0.0013379
975	-0.795918	0.00240464	8.00973	0.00134336
976	-0.792994	0.00244886	7.99381	0.00135713
977	-0.790791	0.00240766	7.97893	0.00134436
978	-0.783705	0.00237871	7.96468	0.00133589
979	-0.780801	0.00241522	7.95069	0.00134481
980	-0.776999	0.00238539	7.93823	0.00133707
981	-0.77658	0.00236148	7.92445	0.00132116
982	-0.773292	0.00248045	7.91243	0.00137585
983	-0.774927	0.00250394	7.89859	0.00137366
984	-0.770301	0.00258924	7.88665	0.00141268
985	-0.768213	0.00249584	7.87257	0.00136856
986	-0.766438	0.00247949	7.85866	0.00136755
987	-0.762148	0.00245043	7.84534	0.00135865
988	-0.757253	0.00237545	7.83224	0.00132998
989	-0.754571	0.00229607	7.81942	0.00128816
990	-0.752726	0.00242397	7.80824	0.00134683
991	-0.753699	0.00241958	7.79492	0.00133784
992	-0.751157	0.00252454	7.78458	0.00137884
993	-0.749064	0.0025082	7.77353	0.001371
994	-0.748518	0.00253632	7.76035	0.00137723
995	-0.746473	0.00252805	7.74863	0.00137776
996	-0.743724	0.00248186	7.73536	0.00135809
997	-0.741896	0.00233034	7.72313	0.00129729
998	-0.737525	0.00240748	7.71073	0.00132883
999	-0.736064	0.00241539	7.69948	0.00132837
1000	-0.736279	0.0024915	7.68921	0.00136787
1001	-0.732018	0.00244391	7.67845	0.00134645
1002	-0.730775	0.00259071	7.66829	0.00139407
1003	-0.727026	0.00254157	7.65504	0.00137783
1004	-0.727042	0.00250633	7.64545	0.00136257
1005	-0.725328	0.00252727	7.63268	0.00137077
1006	-0.722958	0.00253594	7.62182	0.00137484
1007	-0.722499	0.00256038	7.60996	0.0013846
1008	-0.721746	0.00254927	7.59829	0.00137207
