	Point 2 (Reference Step: 0)		Point 2 (Reference Step: 0)	
Step No.	x Displacement	Uncertainty of x Displacement	y Displacement	Uncertainty of y Displacement
	Displacement/mm	Displacement/mm	Displacement/mm	Displacement/mm
0	0	0.000881132	0	0.000247434
1	-0.00103529	0.00109007	-0.001787	0.00051335
2	-0.000255087	0.00110602	0.00138835	0.000527393
3	0.000203232	0.00117792	0.00242936	0.000598655
4	-0.00089372	0.00116895	0.00354373	0.000588085
5	-0.00219171	0.00112288	0.00190051	0.000543123
6	-0.000180313	0.00113612	0.002234	0.000559874
7	0.000668656	0.00114918	0.00321517	0.000572992
8	-0.000895861	0.00115075	0.00137821	0.000568836
9	-0.00147465	0.001168	0.00475474	0.000587135
10	-0.0017004	0.00119436	0.00681754	0.000608074
11	-0.00269879	0.00126079	0.00926431	0.000672393
12	-0.00125377	0.00131709	0.0114065	0.000718109
13	-0.00375279	0.00138326	0.0159666	0.000777526
14	-0.005141	0.00157953	0.0236558	0.000927264
15	-0.00507938	0.00187149	0.0343064	0.00112256
16	-0.00688905	0.00211007	0.0449418	0.00126695
17	-0.00815698	0.00222614	0.0646371	0.00133498
18	-0.0291572	0.00192545	0.36182	0.00116814
19	-0.0608931	0.00203846	0.788631	0.00123375
20	-0.0984967	0.00229962	1.21461	0.00135476
21	-0.164406	0.00221965	1.86105	0.00131994
22	-0.248878	0.00225129	2.66254	0.00133491
23	-0.311588	0.00218292	3.1627	0.00131367
24	-0.399803	0.00213116	3.83267	0.00128043
25	-0.477725	0.00233351	4.40122	0.0013768
26	-0.543063	0.00214745	4.818	0.00128471
27	-0.629827	0.00212955	5.37652	0.00127469
28	-0.711213	0.00230283	5.8232	0.00136825
29	-0.783828	0.00226747	6.23356	0.00133839
30	-0.881199	0.00216407	6.75623	0.00128502
31	-0.96145	0.00207805	7.16603	0.00124698
32	-1.02371	0.00221125	7.48235	0.00133065
33	-1.07302	0.0022021	7.71988	0.00131096
34	-1.11178	0.00216888	7.89097	0.00131354
35	-1.13852	0.00214553	8.01893	0.00130562
36	-1.15193	0.00202985	8.0867	0.00121035
37	-1.14561	0.00209096	8.05502	0.00126266
38	-1.13336	0.00213641	8.00899	0.00129633
39	-1.12414	0.00200548	7.96838	0.00121104
40	-1.11687	0.00209017	7.92732	0.00125658
41	-1.1087	0.00225061	7.8935	0.00135958
42	-1.10076	0.00213859	7.86505	0.00128946
43	-1.10077	0.00217639	7.86381	0.00130924
44	-1.12829	0.00218454	7.98927	0.00131716
45	-1.15562	0.00219702	8.11361	0.00130912
46	-1.1806	0.00229865	8.21991	0.00135401
47	-1.19908	0.00228551	8.31094	0.00136246
48	-1.21618	0.00229838	8.38574	0.0013765
49	-1.23001	0.00220124	8.44824	0.00131878
50	-1.2421	0.00220124	8.50072	0.00132222
51	-1.25321	0.00213051	8.5446	0.00129753
52	-1.2606	0.00211198	8.57991	0.00127708
53	-1.26872	0.00207137	8.60998	0.00124572
54	-1.27414	0.00200918	8.63472	0.00121229
55	-1.27915	0.00214925	8.65488	0.00130427
56	-1.28241	0.00223886	8.67288	0.00136321
57	-1.28296	0.00219483	8.68666	0.00134351
58	-1.28591	0.00226211	8.6983	0.00137407
59	-1.29029	0.00215311	8.7067	0.00131018
60	-1.2906	0.00208068	8.71602	0.00125148
61	-1.29335	0.00211856	8.72014	0.00127093
62	-1.29399	0.00207804	8.72937	0.00125221
63	-1.29544	0.00208738	8.73233	0.00125208
64	-1.29451	0.00204599	8.73528	0.00123008
65	-1.2962	0.00208175	8.73603	0.00125185
66	-1.29668	0.00208564	8.73521	0.0012534
67	-1.29701	0.0020818	8.74097	0.00125096
68	-1.29451	0.0020459	8.73847	0.00122809
69	-1.2979	0.00209984	8.74135	0.00125603
70	-1.29863	0.00204915	8.74396	0.00123554
71	-1.29892	0.00205531	8.74784	0.00122893
72	-1.29989	0.00214094	8.74872	0.00127059
73	-1.29924	0.00206268	8.7553	0.00124827
74	-1.29732	0.00206778	8.75416	0.0012429
75	-1.30244	0.00210036	8.76194	0.00126544
76	-1.30187	0.00220189	8.76369	0.00131649
77	-1.30241	0.00218394	8.76766	0.00131443
78	-1.30282	0.00215509	8.76755	0.0012921
79	-1.30417	0.00223228	8.77332	0.00134134
80	-1.30444	0.00220291	8.77698	0.00133574
81	-1.30681	0.00229386	8.7787	0.00138314
82	-1.30829	0.00228592	8.78444	0.00138508
83	-1.30887	0.00233253	8.78858	0.00140548
84	-1.30877	0.00227663	8.79002	0.00137723
85	-1.31138	0.00232006	8.79379	0.0014074
86	-1.31273	0.00232886	8.80112	0.00141151
87	-1.31142	0.00228005	8.80177	0.00138116
88	-1.31423	0.00226588	8.80686	0.00137504
89	-1.31484	0.0022536	8.80804	0.00136914
90	-1.31383	0.00235904	8.81192	0.00142804
91	-1.31562	0.00228097	8.81782	0.00137671
92	-1.31758	0.00229102	8.81687	0.00138419
93	-1.31565	0.00223879	8.8251	0.00134794
94	-1.31846	0.00219751	8.82426	0.00132401
95	-1.31796	0.00225735	8.83085	0.00135575
96	-1.31893	0.00221248	8.83506	0.00132667
97	-1.3209	0.00229679	8.83577	0.00136883
98	-1.32088	0.0022248	8.84436	0.00132896
99	-1.32082	0.00225208	8.84683	0.00134425
100	-1.32215	0.0022475	8.84975	0.00134283
101	-1.32187	0.00217844	8.85296	0.00129847
102	-1.32371	0.00218194	8.85731	0.00130162
103	-1.32398	0.00223438	8.85998	0.00132209
104	-1.32451	0.00222587	8.8676	0.00133293
105	-1.32479	0.00214326	8.86841	0.00127173
106	-1.32662	0.00219005	8.87647	0.00130018
107	-1.32728	0.00213345	8.87652	0.00127206
108	-1.32922	0.00213705	8.88336	0.0012795
109	-1.32998	0.00216442	8.88374	0.00129642
110	-1.33151	0.00223856	8.89426	0.00134024
111	-1.33391	0.00224697	8.89363	0.00135115
112	-1.33408	0.00220924	8.89894	0.00132976
113	-1.33529	0.00225708	8.90243	0.00135497
114	-1.33577	0.00231228	8.90705	0.00139492
115	-1.33828	0.0022529	8.91059	0.00136154
116	-1.3406	0.00221642	8.91343	0.00133293
117	-1.34144	0.00221246	8.92039	0.00134219
118	-1.34081	0.0022468	8.92073	0.00136456
119	-1.34308	0.00226107	8.92752	0.00137099
120	-1.34427	0.00225247	8.92946	0.00135773
121	-1.34349	0.0021799	8.93493	0.0013185
122	-1.34493	0.00229273	8.93642	0.00138332
123	-1.34577	0.00223237	8.94195	0.00134581
124	-1.34688	0.00220862	8.94314	0.00133138
125	-1.34754	0.00223794	8.95018	0.00133833
126	-1.34876	0.0022239	8.94962	0.00134042
127	-1.34935	0.00219351	8.95743	0.00131435
128	-1.35114	0.00223785	8.95943	0.00134214
129	-1.35192	0.00218268	8.96221	0.0013052
130	-1.35215	0.00214553	8.96697	0.00128777
131	-1.35106	0.00220235	8.96929	0.00131431
132	-1.36327	0.00213551	9.01625	0.0012811
133	-1.41307	0.00221015	9.20994	0.00134744
134	-1.47756	0.0023062	9.46559	0.00137989
135	-1.53348	0.00215771	9.69375	0.00130687
136	-1.58398	0.00223764	9.90724	0.00133092
137	-1.6745	0.00230517	10.2529	0.00140021
138	-1.84027	0.00218056	10.8777	0.00132098
139	-2.00207	0.00232337	11.476	0.00140212
140	-2.13252	0.00210619	11.9181	0.00128664
141	-2.21732	0.0023013	12.22	0.00139787
142	-2.28156	0.00212002	12.4324	0.00128746
143	-2.37895	0.0022667	12.7407	0.00139255
144	-2.46612	0.00229562	13.0269	0.00140917
145	-2.53904	0.00215286	13.2502	0.00131863
146	-2.60251	0.00220164	13.4481	0.00134733
147	-2.72491	0.00222335	13.8227	0.00137208
148	-2.84731	0.00222131	14.1928	0.00136154
149	-2.93497	0.0021168	14.4454	0.00131952
150	-3.00529	0.0022406	14.6421	0.00137528
151	-3.07168	0.00210813	14.8302	0.00132319
152	-3.17239	0.00210564	15.1087	0.00131334
153	-3.26114	0.00214076	15.3585	0.00133849
154	-3.32705	0.0022745	15.5427	0.00140863
155	-3.3794	0.00228216	15.6906	0.00139817
156	-3.4229	0.00236314	15.8046	0.00147991
157	-3.48285	0.00213182	15.9623	0.0013145
158	-3.54049	0.00203534	16.1157	0.00128449
159	-3.59244	0.00214814	16.2486	0.00134348
160	-3.63043	0.00226126	16.35	0.00140118
161	-3.66252	0.0022248	16.4416	0.00139633
162	-3.71879	0.00229776	16.5792	0.00144531
163	-3.77203	0.00239136	16.7137	0.00147713
164	-3.81645	0.00227813	16.8245	0.00144978
165	-3.85769	0.00210566	16.9171	0.00131545
166	-3.8855	0.00232818	17.002	0.00144491
167	-3.9553	0.00205235	17.1644	0.00129531
168	-4.03064	0.00223781	17.3397	0.00142322
169	-4.08648	0.00230679	17.4949	0.00145645
170	-4.14053	0.00227111	17.6218	0.00144112
171	-4.18777	0.00224538	17.723	0.00141547
172	-4.21634	0.00216673	17.8023	0.00135616
173	-4.24801	0.00211571	17.8715	0.00135276
174	-4.26742	0.00215124	17.9257	0.00137543
175	-4.29239	0.00219928	17.9728	0.00139187
176	-4.30594	0.00230896	18.0117	0.00146559
177	-4.31488	0.00234349	18.0425	0.00146991
178	-4.32622	0.00222805	18.062	0.00140297
179	-4.33177	0.00221035	18.0735	0.00138301
180	-4.33816	0.00217784	18.0848	0.00135996
181	-4.34314	0.00218634	18.0957	0.00136888
182	-4.34931	0.00219613	18.1056	0.00138133
183	-4.35294	0.00214926	18.1177	0.00134815
184	-4.35482	0.00225908	18.1282	0.00142381
185	-4.35757	0.00226227	18.142	0.00141769
186	-4.35598	0.0022557	18.1319	0.00142619
187	-4.34225	0.00214834	18.0986	0.00134857
188	-4.32339	0.00224423	18.0658	0.00141121
189	-4.3112	0.0023465	18.0444	0.00147307
190	-4.30252	0.00228968	18.0269	0.0014508
191	-4.29744	0.00228606	18.0158	0.00146688
192	-4.29528	0.00223472	18.0051	0.00143359
193	-4.29325	0.00222337	18.0005	0.00142443
194	-4.29254	0.00225625	17.9959	0.00144211
195	-4.29113	0.00219741	17.9971	0.00141432
196	-4.29413	0.00223096	17.9971	0.00141698
197	-4.29519	0.00224595	18.0005	0.0014368
198	-4.29599	0.00225139	18.0044	0.00143992
199	-4.2965	0.00221337	18.011	0.00141226
200	-4.2992	0.00234286	18.0158	0.00149887
201	-4.30864	0.00233601	18.0394	0.00146385
202	-4.32694	0.00218146	18.0757	0.00136853
203	-4.34719	0.00217321	18.1137	0.00136708
204	-4.357	0.00227053	18.1427	0.00142823
205	-4.36563	0.00229549	18.1717	0.00145082
206	-4.37736	0.00216493	18.1931	0.00135973
207	-4.39092	0.00214721	18.2151	0.00135691
208	-4.40052	0.00207998	18.2331	0.00132943
209	-4.40473	0.00219401	18.2515	0.00140837
210	-4.40989	0.00226305	18.2628	0.00144306
211	-4.41497	0.00232434	18.2778	0.00148731
212	-4.41754	0.00230039	18.2896	0.00145764
213	-4.42117	0.00233585	18.298	0.00147191
214	-4.42692	0.00226432	18.3105	0.00142736
215	-4.43243	0.00224493	18.3191	0.00142024
216	-4.43741	0.0021859	18.3287	0.00138152
217	-4.44268	0.00219588	18.3389	0.00138834
218	-4.44877	0.00214625	18.3472	0.00135941
219	-4.45305	0.00220621	18.3567	0.00139088
220	-4.45723	0.00215053	18.3647	0.00135998
221	-4.4605	0.00217686	18.3754	0.00138181
222	-4.46374	0.00215034	18.3805	0.00136755
223	-4.46535	0.00223492	18.3897	0.00141048
224	-4.47036	0.00224851	18.3956	0.00141321
225	-4.47194	0.00222346	18.4059	0.00138932
226	-4.47562	0.00232575	18.411	0.0014524
227	-4.47637	0.00232387	18.4213	0.00145308
228	-4.47966	0.00232535	18.4264	0.00145202
229	-4.48343	0.00233085	18.4348	0.00145266
230	-4.48695	0.00228731	18.4419	0.00143488
231	-4.49002	0.00226151	18.4493	0.00142798
232	-4.49446	0.00225377	18.4558	0.00141443
233	-4.4994	0.00212891	18.4636	0.00134597
234	-4.50277	0.00212204	18.4701	0.00133296
235	-4.50576	0.00211045	18.4765	0.00134239
236	-4.51018	0.00208663	18.4846	0.00132823
237	-4.51404	0.00205576	18.4914	0.00131932
238	-4.51609	0.00203988	18.4959	0.00130332
239	-4.51719	0.00211416	18.5055	0.00134655
240	-4.52029	0.00212393	18.511	0.00136672
241	-4.52285	0.0021624	18.5178	0.00138868
242	-4.52305	0.00223378	18.5233	0.00143053
243	-4.52529	0.00220997	18.5298	0.00142278
244	-4.52689	0.0022572	18.5351	0.00144635
245	-4.52965	0.00230704	18.5405	0.00147552
246	-4.53061	0.00234027	18.5482	0.00149986
247	-4.53308	0.00233851	18.5541	0.00149134
248	-4.53697	0.00234929	18.5583	0.00148926
249	-4.5366	0.00225208	18.5664	0.00143632
250	-4.5421	0.00231039	18.5693	0.00146946
251	-4.54452	0.00231905	18.5774	0.00148392
252	-4.54762	0.00222628	18.5812	0.00142073
253	-4.5505	0.00225156	18.5891	0.001453
254	-4.55469	0.00222663	18.5929	0.00142609
255	-4.55781	0.00222176	18.6012	0.001424
256	-4.56055	0.00225751	18.6062	0.00144166
257	-4.56493	0.00216231	18.613	0.00139898
258	-4.56657	0.00224465	18.6175	0.00143182
259	-4.56925	0.00224521	18.6226	0.00143959
260	-4.57043	0.00223254	18.6294	0.0014337
261	-4.5749	0.00225883	18.6323	0.00144171
262	-4.57765	0.00233069	18.6392	0.00148011
263	-4.57841	0.00231796	18.6453	0.00147679
264	-4.58107	0.00233058	18.6499	0.00147781
265	-4.5839	0.00236094	18.6561	0.00150541
266	-4.58615	0.00241987	18.661	0.00151426
267	-4.58795	0.00239581	18.6646	0.00149776
268	-4.58856	0.00247011	18.671	0.00153478
269	-4.5901	0.00246559	18.6737	0.00153999
270	-4.59327	0.00249822	18.6804	0.00154795
271	-4.62827	0.00215774	18.7453	0.00137809
272	-4.76662	0.00226143	19.0568	0.00143609
273	-4.9304	0.00221474	19.4312	0.00143641
274	-5.05489	0.00226194	19.7059	0.00144162
275	-5.16766	0.00213258	19.9401	0.00137399
276	-5.28765	0.00212759	20.1865	0.00138652
277	-5.38228	0.0022348	20.3838	0.00146672
278	-5.46137	0.00229476	20.5569	0.00148988
279	-5.59371	0.00234708	20.8206	0.00150852
280	-5.71801	0.00224095	21.0717	0.00145988
281	-5.81539	0.00224184	21.263	0.00146858
282	-5.89156	0.00224286	21.4088	0.00147771
283	-5.9463	0.00222463	21.5216	0.00145435
284	-5.99963	0.00237644	21.6229	0.00153995
285	-6.08301	0.00224127	21.7865	0.00146835
286	-6.16125	0.00222452	21.9319	0.00147948
287	-6.22228	0.00224042	22.0551	0.00147231
288	-6.32962	0.00231155	22.2539	0.0015316
289	-6.57738	0.00221649	22.7293	0.00148224
290	-6.77514	0.00212383	23.0904	0.00141543
291	-6.93174	0.00216963	23.3662	0.00143788
292	-7.0308	0.00228326	23.5563	0.0015335
293	-7.12129	0.00219265	23.7216	0.00148762
294	-7.27051	0.00219386	23.9786	0.00148748
295	-7.40599	0.0022599	24.2116	0.00152993
296	-7.51307	0.00216739	24.3876	0.00147518
297	-7.59499	0.0022019	24.5214	0.00149257
298	-7.65214	0.00215706	24.6216	0.00147561
299	-7.70242	0.0021912	24.6966	0.00147826
300	-7.75422	0.00229112	24.7873	0.00154719
301	-7.82916	0.00219774	24.917	0.00150573
302	-7.90358	0.00208352	25.0367	0.00143143
303	-7.95779	0.00219158	25.1365	0.00149376
304	-8.0177	0.00233331	25.2075	0.00158492
305	-8.0457	0.00218316	25.2723	0.00148912
306	-8.11338	0.00225699	25.3834	0.00151538
307	-8.19376	0.00218359	25.5082	0.00150718
308	-8.25625	0.00227163	25.6032	0.00154999
309	-8.30539	0.00215378	25.689	0.00148772
310	-8.3451	0.00223216	25.7521	0.0015342
311	-8.38316	0.00219058	25.8072	0.0014992
312	-8.42	0.00226914	25.8683	0.00155363
313	-8.51079	0.00226613	26.0075	0.00155992
314	-8.61345	0.00217945	26.1758	0.00150727
315	-8.69367	0.00215105	26.3	0.00149426
316	-8.75375	0.00232818	26.3932	0.00160124
317	-8.80328	0.00210477	26.468	0.00145575
318	-8.84281	0.00222337	26.5309	0.00154725
319	-8.87343	0.00223178	26.577	0.00153852
320	-8.90122	0.00215878	26.6205	0.00150176
321	-8.92277	0.0022029	26.6509	0.00153036
322	-8.95427	0.00216887	26.704	0.00151055
323	-9.0177	0.00223313	26.7995	0.00156634
324	-9.08369	0.00223035	26.8906	0.00154869
325	-9.13327	0.00225919	26.9684	0.00156919
326	-9.18103	0.0021706	27.0378	0.00152978
327	-9.21793	0.00211298	27.0945	0.00147662
328	-9.25341	0.0023021	27.1433	0.00160051
329	-9.2742	0.0022233	27.1845	0.00155982
330	-9.29612	0.00210395	27.2204	0.00148114
331	-9.32272	0.00200081	27.2534	0.00141056
332	-9.34309	0.00224824	27.2803	0.00158627
333	-9.35775	0.00228918	27.3032	0.00160364
334	-9.37043	0.00227911	27.3258	0.00159727
335	-9.38245	0.00222822	27.3473	0.00156403
336	-9.39863	0.00220873	27.3681	0.00154034
337	-9.4102	0.00213359	27.3862	0.00148821
338	-9.42289	0.00217169	27.4041	0.00151005
339	-9.43406	0.00214267	27.4204	0.00150703
340	-9.44256	0.00213024	27.4371	0.00150785
341	-9.4516	0.00208762	27.4504	0.00146498
342	-9.46075	0.0021156	27.4686	0.00147749
343	-9.47272	0.00208883	27.4814	0.00147037
344	-9.48684	0.00208412	27.4986	0.00144924
345	-9.49742	0.00213697	27.5133	0.00150174
346	-9.50905	0.00224736	27.5269	0.00155931
347	-9.51612	0.0022858	27.5403	0.00158684
348	-9.52384	0.00227677	27.5558	0.00159052
349	-9.53067	0.00221696	27.5663	0.00155844
350	-9.53827	0.00217233	27.5812	0.00153974
351	-9.54466	0.00213529	27.5939	0.00150949
352	-9.55497	0.00201749	27.6062	0.00143093
353	-9.56251	0.00201507	27.6202	0.00142986
354	-9.57395	0.00196185	27.6322	0.00139321
355	-9.58292	0.0020122	27.6451	0.00142128
356	-9.59269	0.00204525	27.6566	0.00145769
357	-9.60273	0.0021808	27.6673	0.00153878
358	-9.61195	0.00227764	27.6775	0.00160783
359	-9.61889	0.00221159	27.6908	0.0015588
360	-9.62484	0.0023269	27.7014	0.00163069
361	-9.63045	0.00228076	27.7139	0.00161065
362	-9.63676	0.00224273	27.7236	0.00158588
363	-9.64303	0.00220456	27.7364	0.00156115
364	-9.65119	0.00215606	27.7469	0.00153043
365	-9.65851	0.00213884	27.7589	0.00151126
366	-9.66749	0.00210011	27.77	0.00147475
367	-9.67479	0.00214974	27.7806	0.00150541
368	-9.68349	0.00217884	27.7931	0.00153016
369	-9.69215	0.00218	27.8003	0.00152262
370	-9.69842	0.00210743	27.8128	0.00149394
371	-9.70397	0.00213712	27.8207	0.00152522
372	-9.70887	0.00210195	27.8315	0.00149921
373	-9.71477	0.00216662	27.8389	0.00153903
374	-9.7209	0.00212656	27.8489	0.00150796
375	-9.72768	0.00207929	27.8586	0.00148144
376	-9.73485	0.00213791	27.8679	0.00151279
377	-9.74282	0.002183	27.8765	0.00154651
378	-9.74977	0.0021852	27.8863	0.00153869
379	-9.75815	0.00223389	27.8956	0.00154717
380	-9.76543	0.00222061	27.9048	0.00155133
381	-9.77277	0.00224332	27.9148	0.00156019
382	-9.77937	0.00232095	27.9225	0.00160973
383	-9.78426	0.0023023	27.9313	0.00158875
384	-9.78913	0.00226267	27.9403	0.00158498
385	-9.79426	0.00224735	27.9487	0.00156623
386	-9.79815	0.00225646	27.9569	0.0015891
387	-9.80288	0.00220303	27.9648	0.0015595
388	-9.80866	0.00219304	27.9715	0.00156576
389	-9.81102	0.00218501	27.9809	0.00155649
390	-9.81449	0.0021515	27.9885	0.00153133
391	-9.82093	0.00213844	27.9958	0.00151909
392	-9.82688	0.00212501	28.0031	0.00151418
393	-9.83274	0.00209353	28.0112	0.0014858
394	-9.83896	0.00209222	28.0182	0.00148661
395	-9.84486	0.00207453	28.0273	0.00147748
396	-9.85398	0.00211932	28.0327	0.00150219
397	-9.86103	0.00214369	28.0409	0.00152008
398	-9.89103	0.00232472	28.0832	0.00162619
399	-10.088	0.00218573	28.3511	0.00156942
400	-10.302	0.00212054	28.6624	0.00152382
401	-10.5198	0.0021662	28.9577	0.00154169
402	-10.8551	0.00209992	29.4239	0.00154267
403	-11.1112	0.00208784	29.7561	0.00154035
404	-11.3024	0.0021298	30.0027	0.00155157
405	-11.6005	0.00221304	30.388	0.00162866
406	-11.9012	0.00222116	30.77	0.00163955
407	-12.1132	0.0021978	31.0321	0.00160657
408	-12.3169	0.00203931	31.2797	0.00152772
409	-12.6191	0.00197438	31.6357	0.00149835
410	-12.8524	0.002034	31.9068	0.00152758
411	-13.0267	0.00211956	32.1116	0.0016027
412	-13.1986	0.00209356	32.3111	0.00158783
413	-13.4569	0.00208449	32.6015	0.00157835
414	-13.7202	0.00215145	32.906	0.00165138
415	-13.9259	0.00213209	33.1268	0.00162941
416	-14.0817	0.00219699	33.3053	0.00167418
417	-14.2156	0.00214339	33.4537	0.00165626
418	-14.4093	0.00206577	33.6669	0.00158607
419	-14.6258	0.00216231	33.904	0.00166222
420	-14.7799	0.00203673	34.075	0.00158242
421	-14.9024	0.0019803	34.2025	0.00154154
422	-15.0003	0.00210247	34.3003	0.00163112
423	-15.0747	0.00211865	34.3839	0.00165424
424	-15.1476	0.00216503	34.4581	0.00166366
425	-15.2347	0.00202956	34.5461	0.00159988
426	-15.3182	0.00196792	34.6383	0.00154867
427	-15.3938	0.00208561	34.7141	0.00163083
428	-15.459	0.00198332	34.7868	0.00157975
429	-15.5191	0.00211057	34.845	0.00164563
430	-15.5828	0.00201873	34.9166	0.00160486
431	-15.6662	0.00208718	34.9983	0.00163617
432	-15.7332	0.00210154	35.0666	0.00166317
433	-15.8018	0.00209097	35.1374	0.00163914
434	-15.8687	0.0020952	35.2048	0.00165724
435	-15.9529	0.00203021	35.2912	0.00160495
436	-16.0506	0.00208349	35.3813	0.00165761
437	-16.1267	0.00218515	35.4637	0.00173705
438	-16.1976	0.0020314	35.5307	0.00162308
439	-16.2542	0.00214228	35.5924	0.00171372
440	-16.3092	0.00213461	35.6404	0.00170119
441	-16.3379	0.00201392	35.6755	0.00161073
442	-16.3536	0.00209038	35.6949	0.0016612
443	-16.3754	0.00210122	35.7174	0.00167854
444	-16.3956	0.00219402	35.7383	0.00173724
445	-16.4178	0.00213606	35.7562	0.00169787
446	-16.44	0.00209648	35.7779	0.00167341
447	-16.4577	0.00203913	35.7968	0.00162509
448	-16.4744	0.00204211	35.8177	0.00163042
449	-16.4952	0.00205954	35.8351	0.00164531
450	-16.5114	0.0021593	35.8531	0.00169436
451	-16.5179	0.00217173	35.8605	0.00171799
452	-16.5193	0.00218195	35.8624	0.00172302
453	-16.5254	0.00218686	35.8674	0.00172076
454	-16.5399	0.00216218	35.8798	0.00171078
455	-16.5485	0.0020873	35.8888	0.00166814
456	-16.5613	0.0020884	35.8975	0.00166182
457	-16.5777	0.0020443	35.9124	0.00163414
458	-16.5897	0.0019847	35.9255	0.00158829
459	-16.5963	0.00193931	35.9361	0.00154993
460	-16.6135	0.00199414	35.9541	0.00159134
461	-16.6255	0.00207051	35.9665	0.00164943
462	-16.6434	0.0021427	35.9837	0.00170183
463	-16.6578	0.00209791	35.9916	0.00167621
464	-16.6772	0.00218475	36.0079	0.00173211
465	-16.6909	0.00210218	36.02	0.00167987
466	-16.7083	0.0021133	36.035	0.00168741
467	-16.7214	0.00203918	36.0458	0.00163339
468	-16.7301	0.00208116	36.0599	0.0016615
469	-16.7421	0.00206073	36.0782	0.00163944
470	-16.7567	0.00207819	36.0919	0.00165235
471	-16.7682	0.0020499	36.0998	0.0016371
472	-16.7849	0.00209249	36.1133	0.00166498
473	-16.8005	0.00217187	36.1219	0.00172609
474	-16.8175	0.00208953	36.1387	0.0016738
475	-16.8285	0.00207785	36.1451	0.001668
476	-16.843	0.00205199	36.1605	0.00165413
477	-16.8542	0.00198991	36.1659	0.00160701
478	-16.8646	0.00199646	36.1866	0.00160721
479	-16.8757	0.00188402	36.1933	0.00153279
480	-16.8851	0.00200286	36.2082	0.00160763
481	-16.9002	0.00198359	36.2233	0.00160134
482	-16.9092	0.00205936	36.2324	0.0016532
483	-16.9235	0.00207406	36.2446	0.00167025
484	-16.9355	0.00204583	36.2544	0.0016463
485	-16.9497	0.00209896	36.2606	0.00168995
486	-16.9652	0.00208496	36.2736	0.00168476
487	-16.9754	0.00202884	36.2805	0.0016358
488	-16.9845	0.00205854	36.2915	0.00166289
489	-16.9961	0.00199779	36.3007	0.00162557
490	-17.0041	0.00196933	36.3168	0.0015843
491	-17.0121	0.00199365	36.3224	0.00160849
492	-17.0234	0.0018995	36.3373	0.00154656
493	-17.034	0.00194273	36.3464	0.00157953
494	-17.0464	0.00195801	36.3592	0.00159392
495	-17.0575	0.0019291	36.3644	0.00157788
496	-17.0704	0.00204071	36.3779	0.00165319
497	-17.0821	0.00206592	36.3845	0.00167343
498	-17.0882	0.00203412	36.3902	0.0016553
499	-17.104	0.0020658	36.4022	0.00167339
500	-17.1121	0.00199735	36.4092	0.0016193
501	-17.122	0.00204084	36.4182	0.00165496
502	-17.1306	0.00204309	36.4283	0.00165279
503	-17.1378	0.00205828	36.4373	0.00165495
504	-17.1485	0.00198989	36.4465	0.00162028
505	-17.157	0.00192436	36.4602	0.00156756
506	-17.1672	0.00192061	36.465	0.00157589
507	-17.1727	0.00188314	36.4746	0.0015323
508	-17.1838	0.00190205	36.48	0.00154949
509	-17.1996	0.00199367	36.4929	0.00162609
510	-17.2397	0.00196921	36.5266	0.00161263
511	-17.4528	0.00200758	36.7098	0.00163809
512	-17.6516	0.00199151	36.8915	0.00162182
513	-17.8245	0.00207886	37.0486	0.00170452
514	-17.9605	0.00200745	37.1704	0.00166006
515	-18.2516	0.00201618	37.423	0.00166663
516	-18.5488	0.00196355	37.6825	0.00163413
517	-18.8063	0.00198286	37.9194	0.00165186
518	-18.9758	0.00189841	38.0632	0.00161189
519	-19.2896	0.00203799	38.3236	0.00169135
520	-19.6631	0.00208356	38.6401	0.00174827
521	-19.9433	0.00206183	38.8716	0.00173011
522	-20.1473	0.00194992	39.0326	0.001678
523	-20.3733	0.0020182	39.2165	0.00171231
524	-20.6002	0.00200023	39.394	0.00170749
525	-20.7797	0.00203705	39.5339	0.0017508
526	-20.9146	0.00190977	39.639	0.00165525
527	-21.1272	0.00204901	39.8007	0.00173205
528	-21.4262	0.00195134	40.0291	0.00169093
529	-21.6671	0.0019495	40.2108	0.00170182
530	-21.9283	0.00200373	40.402	0.00174206
531	-22.3666	0.00188325	40.7277	0.00164805
532	-22.7034	0.0019826	40.9588	0.00173615
533	-22.9586	0.00194891	41.1368	0.00172046
534	-23.1392	0.00185337	41.2651	0.00163386
535	-23.3126	0.00193019	41.3895	0.00171113
536	-23.5852	0.00203151	41.5729	0.00179123
537	-23.8168	0.00194359	41.7288	0.00172798
538	-24.0003	0.00195901	41.8477	0.00173163
539	-24.144	0.00185015	41.9417	0.00163824
540	-24.2586	0.00198499	42.0155	0.00176217
541	-24.3528	0.00193304	42.08	0.00172082
542	-24.4315	0.00183994	42.1302	0.0016498
543	-24.5003	0.0019638	42.1739	0.00175072
544	-24.559	0.00187935	42.2138	0.00166502
545	-24.6115	0.00192939	42.2472	0.00173685
546	-24.667	0.0018909	42.2804	0.00170107
547	-24.7165	0.00192887	42.3133	0.00172
548	-24.766	0.00191155	42.3458	0.00170669
549	-24.8112	0.00195861	42.3739	0.00174052
550	-24.8558	0.00197396	42.4016	0.0017759
551	-24.8999	0.0019847	42.4268	0.0017822
552	-24.9374	0.00194333	42.4516	0.00172007
553	-24.9734	0.00193897	42.4761	0.00172401
554	-25.0179	0.00199877	42.5027	0.00178466
555	-25.08	0.00193203	42.5367	0.00172352
556	-25.1362	0.00190551	42.5729	0.00171652
557	-25.1941	0.00185592	42.6087	0.00165442
558	-25.2419	0.00193922	42.6389	0.00174553
559	-25.2886	0.00186648	42.6648	0.00169121
560	-25.3344	0.00184842	42.6917	0.00168108
561	-25.3706	0.00189302	42.7184	0.00169557
562	-25.4076	0.00202319	42.7395	0.0017952
563	-25.4462	0.00189681	42.7641	0.00171181
564	-25.4779	0.00191946	42.7829	0.00173829
565	-25.5095	0.00198815	42.8035	0.00179328
566	-25.5456	0.00192203	42.8222	0.00174732
567	-25.576	0.00195041	42.8427	0.00174711
568	-25.6062	0.00193708	42.8588	0.00173841
569	-25.6367	0.0019524	42.8808	0.00174838
570	-25.6638	0.00199301	42.896	0.00179018
571	-25.6945	0.00195185	42.9126	0.00176498
572	-25.7218	0.00191449	42.9288	0.00173608
573	-25.7435	0.0019176	42.945	0.00173158
574	-25.7706	0.00195887	42.9608	0.00177674
575	-25.799	0.00200635	42.978	0.00180012
576	-25.8295	0.0019512	42.9932	0.00175496
577	-25.855	0.0019251	43.0094	0.00172032
578	-25.8733	0.00190361	43.0222	0.00171437
579	-25.9005	0.0019807	43.0383	0.00178701
580	-25.9248	0.00196494	43.0516	0.00179461
581	-25.9506	0.00186861	43.0646	0.00171424
582	-25.9735	0.00188529	43.0794	0.00171822
583	-25.9948	0.00188893	43.0916	0.00171049
584	-26.0169	0.00185505	43.1067	0.00169189
585	-26.0407	0.00193972	43.1204	0.00175336
586	-26.0646	0.00193019	43.1362	0.00175128
587	-26.0907	0.00195789	43.1462	0.00176971
588	-26.1101	0.00189939	43.16	0.00172396
589	-26.1332	0.00195291	43.1731	0.00176578
590	-26.1503	0.00194057	43.1869	0.00176803
591	-26.174	0.00187589	43.1977	0.0017221
592	-26.1975	0.00179429	43.2132	0.00165809
593	-26.2167	0.00180731	43.2215	0.00167019
594	-26.2379	0.00185347	43.2357	0.00169167
595	-26.2604	0.00184418	43.249	0.00168786
596	-26.2779	0.00194997	43.2594	0.00177175
597	-26.2986	0.00191279	43.2724	0.00173868
598	-26.3224	0.00191749	43.2846	0.00175037
599	-26.3433	0.00186659	43.2941	0.00171099
600	-26.362	0.0018997	43.3068	0.0017436
601	-26.3814	0.00188449	43.3172	0.00172646
602	-26.4018	0.00175116	43.332	0.00162977
603	-26.4169	0.00181049	43.3401	0.0016761
604	-26.4377	0.0018952	43.3519	0.00172948
605	-26.4582	0.00189285	43.3608	0.00173155
606	-26.4815	0.00193603	43.3757	0.00176021
607	-26.4971	0.00196131	43.3825	0.00178106
608	-26.5145	0.00191512	43.3942	0.00174025
609	-26.5298	0.00198228	43.4022	0.00178913
610	-26.5468	0.00198897	43.416	0.0017902
611	-26.5645	0.00199151	43.4257	0.00180652
612	-26.5832	0.00200328	43.4379	0.00180612
613	-26.6031	0.00196543	43.4458	0.00179735
614	-26.6207	0.00183841	43.4538	0.00168837
615	-26.637	0.00179366	43.4631	0.00165515
616	-26.6527	0.0018151	43.4737	0.00168111
617	-26.6661	0.00184398	43.4821	0.00170354
618	-26.6834	0.00185123	43.4908	0.00170245
619	-26.7019	0.00188089	43.5018	0.00172405
620	-26.7207	0.00196892	43.5107	0.00179608
621	-26.7397	0.00196061	43.5204	0.00178125
622	-26.7539	0.00196395	43.5267	0.00178548
623	-26.7701	0.00201322	43.538	0.0018249
624	-26.7881	0.00198314	43.5481	0.00180457
625	-26.8004	0.00189464	43.5559	0.00173824
626	-26.815	0.00190281	43.5639	0.00174291
627	-26.8324	0.00184441	43.5722	0.00171325
628	-26.8477	0.00184657	43.5817	0.00170343
629	-26.8637	0.0018266	43.5894	0.00167719
630	-26.8798	0.00177961	43.5994	0.00164212
631	-26.8933	0.00178603	43.6087	0.001648
632	-26.9098	0.00177049	43.6178	0.00163867
633	-26.9234	0.00179918	43.6263	0.00166319
634	-26.9383	0.00187366	43.6336	0.00172695
635	-26.9539	0.00186342	43.6429	0.00171081
636	-26.9712	0.00193249	43.6505	0.00176347
637	-26.9882	0.00196826	43.6586	0.00178649
638	-27.1396	0.00179693	43.7338	0.00165737
639	-27.5354	0.00200884	43.942	0.0018147
640	-27.9258	0.00201958	44.177	0.00185746
641	-28.1666	0.00201901	44.306	0.0018385
642	-28.4417	0.00192963	44.45	0.0017911
643	-28.7697	0.00178889	44.6193	0.00167503
644	-29.0199	0.00175803	44.7462	0.00166989
645	-29.2036	0.00197288	44.8378	0.00183855
646	-29.5472	0.00169883	45.0067	0.00162907
647	-29.87	0.00191581	45.1622	0.00181169
648	-30.1018	0.00185846	45.2744	0.00176917
649	-30.3981	0.00197121	45.4067	0.00185882
650	-30.8283	0.00167989	45.6042	0.00163639
651	-31.1533	0.00182151	45.7433	0.00176854
652	-31.3847	0.00163625	45.8461	0.00161419
653	-31.8728	0.00185334	46.0504	0.00179857
654	-32.3674	0.00187634	46.2622	0.00182969
655	-32.7345	0.0018388	46.4156	0.00179167
656	-33.0084	0.00190379	46.5338	0.00185778
657	-33.1991	0.00184024	46.6134	0.00179558
658	-33.3438	0.00168871	46.6681	0.00167706
659	-33.4817	0.00166193	46.7233	0.00165397
660	-33.7554	0.00169995	46.8235	0.0016855
661	-34.0255	0.00178542	46.9234	0.00175589
662	-34.2428	0.00176201	47.0052	0.00175626
663	-34.4148	0.00166104	47.0631	0.00167201
664	-34.5498	0.0017945	47.1151	0.00177688
665	-34.6553	0.00181543	47.152	0.00176922
666	-34.7466	0.00179451	47.1913	0.00178338
667	-34.9448	0.00174917	47.2494	0.00173807
668	-35.1562	0.0017397	47.3274	0.00173901
669	-35.3347	0.00178351	47.3843	0.00177077
670	-35.4766	0.00172216	47.436	0.00171498
671	-35.5872	0.00166542	47.4689	0.00167604
672	-35.6781	0.00177063	47.5023	0.001763
673	-35.7666	0.00179868	47.5296	0.0017961
674	-35.8379	0.0016847	47.5557	0.00169954
675	-35.934	0.00175143	47.5857	0.00176989
676	-36.0793	0.0017176	47.6301	0.00174261
677	-36.2094	0.00166114	47.6704	0.00169129
678	-36.3167	0.00166926	47.7049	0.00171464
679	-36.4121	0.00174703	47.7341	0.00176924
680	-36.4893	0.00164919	47.7607	0.0016809
681	-36.5631	0.00180466	47.7836	0.00181499
682	-36.6277	0.00175253	47.8026	0.00178202
683	-36.686	0.00172204	47.8218	0.00173842
684	-36.7422	0.0017938	47.8401	0.00178467
685	-36.7963	0.00171646	47.8575	0.00173252
686	-36.8413	0.00168387	47.8726	0.00171971
687	-36.8957	0.00170445	47.8875	0.00173252
688	-36.9422	0.00175147	47.8983	0.00178372
689	-36.9851	0.00179265	47.9135	0.00182874
690	-37.035	0.00175275	47.9251	0.00178903
691	-37.0746	0.00172935	47.9376	0.00177462
692	-37.1221	0.00176429	47.9507	0.00180354
693	-37.1631	0.00178189	47.9619	0.0018086
694	-37.2064	0.00178828	47.9735	0.00181208
695	-37.2439	0.00177654	47.9881	0.00179006
696	-37.2859	0.0018037	47.9985	0.0018001
697	-37.3218	0.0017427	48.0078	0.00176521
698	-37.361	0.00171119	48.0202	0.00173611
699	-37.3989	0.00182146	48.0301	0.00185122
700	-37.4393	0.00175338	48.0385	0.00178497
701	-37.4727	0.00176333	48.0525	0.00179796
702	-37.5119	0.00177743	48.0614	0.00181347
703	-37.5491	0.00183699	48.0732	0.00186942
704	-37.5844	0.0017836	48.0805	0.00181842
705	-37.6177	0.00177968	48.0911	0.00180832
706	-37.6515	0.0018381	48.1031	0.00184797
707	-37.6861	0.00174751	48.1099	0.00176758
708	-37.7221	0.001738	48.1193	0.00177918
709	-37.7524	0.00168099	48.1276	0.00172153
710	-37.7862	0.00171005	48.1374	0.00173991
711	-37.8185	0.00167554	48.1448	0.00172085
712	-37.8471	0.00173433	48.1543	0.0017966
713	-37.8786	0.00175755	48.1623	0.00179773
714	-37.9095	0.00180353	48.1721	0.0018406
715	-37.9406	0.00179261	48.1785	0.00183472
716	-37.9719	0.00180697	48.1851	0.001853
717	-38.0008	0.00172329	48.1919	0.00178508
718	-38.0287	0.00175315	48.2043	0.00178267
719	-38.0609	0.00178706	48.207	0.00181264
720	-38.0892	0.00181857	48.2216	0.00184143
721	-38.1204	0.00180334	48.222	0.00183596
722	-38.1475	0.00179396	48.2354	0.00181123
723	-38.1752	0.00180265	48.2366	0.00180974
724	-38.2064	0.00180648	48.2528	0.00180487
725	-38.2365	0.00179847	48.2487	0.00181849
726	-38.2607	0.00177249	48.2674	0.00180315
727	-38.2951	0.00181901	48.2653	0.00184634
728	-38.3192	0.00184386	48.282	0.00185594
729	-38.3463	0.00180063	48.2813	0.00181939
730	-38.3719	0.00181628	48.2903	0.00184836
731	-38.3991	0.00178432	48.2972	0.00183534
732	-38.4262	0.00181392	48.3038	0.00186984
733	-38.4536	0.00181148	48.3065	0.0018519
734	-38.4783	0.00185455	48.3211	0.00185667
735	-38.5039	0.0018489	48.3195	0.00187721
736	-38.5255	0.00180575	48.3365	0.00184617
737	-38.555	0.00179781	48.3345	0.00184129
738	-38.5802	0.00180531	48.3456	0.00182387
739	-38.6003	0.00178567	48.3494	0.00180206
740	-38.6244	0.00185205	48.3593	0.00184942
741	-38.6509	0.00175614	48.3605	0.00178856
742	-38.6748	0.00184149	48.3703	0.00185696
743	-38.6983	0.0017791	48.3735	0.00181284
744	-38.7203	0.00175894	48.381	0.00178159
745	-38.7472	0.00177508	48.3858	0.00178406
746	-38.7689	0.00176345	48.3923	0.00177793
747	-38.7937	0.00180353	48.3985	0.00183923
748	-38.8176	0.00178529	48.4029	0.00183969
749	-38.8406	0.00176951	48.4118	0.00181565
750	-38.8613	0.00173392	48.4144	0.00176173
751	-38.8834	0.00180212	48.4226	0.00182675
752	-38.9083	0.00175381	48.4287	0.00180633
753	-38.929	0.0017741	48.4331	0.00182806
754	-38.952	0.00177429	48.4356	0.00181951
755	-38.9741	0.00179512	48.4431	0.00183466
756	-38.9982	0.00180242	48.4465	0.00183104
757	-39.0181	0.00178898	48.4569	0.00181966
758	-39.0403	0.00182258	48.4581	0.00183714
759	-39.0632	0.00182097	48.4668	0.00185277
760	-39.0851	0.00174632	48.4677	0.00177486
761	-39.1087	0.00179785	48.4742	0.00183535
762	-39.1265	0.00181987	48.4791	0.00183919
763	-39.1481	0.00178763	48.4845	0.00179919
764	-39.1677	0.00178798	48.492	0.00180975
765	-39.1872	0.00179811	48.4944	0.0018112
766	-39.2086	0.0018497	48.4995	0.00185873
767	-38.6939	0.00180049	48.3917	0.00182945
768	-37.9265	0.00173201	48.2166	0.00177161
769	-37.2899	0.00175965	48.0595	0.00180101
770	-36.8122	0.00178318	47.9379	0.00181316
771	-36.4783	0.00178253	47.8464	0.0017844
772	-36.2571	0.00173343	47.7835	0.00176611
773	-36.1079	0.00170481	47.7422	0.00173196
774	-36.0081	0.00173159	47.7173	0.00174474
775	-35.9413	0.00174594	47.693	0.00175644
776	-35.7838	0.00174139	47.6508	0.00175663
777	-35.5195	0.00179611	47.5684	0.00179197
778	-35.3069	0.00174811	47.5057	0.00174429
779	-34.8558	0.00181099	47.3601	0.00181576
780	-34.3211	0.00175173	47.1878	0.0017511
781	-33.893	0.0017276	47.0341	0.00171033
782	-33.5254	0.00178131	46.9066	0.00176426
783	-33.0632	0.0017919	46.7352	0.00175198
784	-32.663	0.0017488	46.58	0.00171116
785	-32.3415	0.00186508	46.449	0.00181355
786	-31.8502	0.00183901	46.2516	0.00178531
787	-31.3399	0.0018841	46.0339	0.00182174
788	-30.9267	0.00187163	45.8559	0.00178419
789	-30.5884	0.00162583	45.7095	0.00156863
790	-30.1395	0.00195338	45.509	0.00186157
791	-29.7129	0.00182215	45.3026	0.00172767
792	-29.3732	0.00196168	45.1406	0.00183101
793	-28.9375	0.00199136	44.9262	0.00184459
794	-28.4625	0.00193505	44.6862	0.0018043
795	-28.0744	0.00184795	44.4851	0.00172576
796	-27.719	0.00180844	44.2994	0.00167552
797	-27.2843	0.00194375	44.0625	0.00177338
798	-26.9162	0.00187876	43.864	0.00172989
799	-26.6271	0.00192062	43.6945	0.00174314
800	-26.3278	0.00189421	43.5266	0.00173351
801	-26.0917	0.00194937	43.3912	0.00176067
802	-25.8835	0.00194237	43.2717	0.00174317
803	-25.5278	0.00198626	43.0563	0.00180428
804	-25.1968	0.00185357	42.8591	0.00165356
805	-24.8977	0.00203092	42.6716	0.00182112
806	-24.3864	0.00193584	42.3483	0.00172625
807	-23.9228	0.00185962	42.0478	0.00166072
808	-23.4599	0.00201282	41.7441	0.00177465
809	-22.849	0.00206201	41.3188	0.00178467
810	-22.3038	0.0020316	40.9372	0.0017691
811	-21.8204	0.00195767	40.5888	0.0017116
812	-21.2492	0.00208031	40.1637	0.00175313
813	-20.7291	0.00210056	39.7724	0.00175686
814	-20.2708	0.00195127	39.4128	0.00167489
815	-19.7393	0.0020781	38.986	0.00175675
816	-19.2491	0.00191539	38.5812	0.00162093
817	-18.8183	0.00202307	38.2191	0.00168985
818	-18.3232	0.00196112	37.8023	0.00162589
819	-17.8878	0.00196982	37.4164	0.00161583
820	-17.4698	0.00212097	37.0371	0.00171856
821	-17.0053	0.00202421	36.6159	0.00162568
822	-16.6138	0.00213186	36.244	0.00169779
823	-16.1681	0.00207955	35.817	0.00166448
824	-15.7532	0.00215489	35.4064	0.0016874
825	-15.3809	0.0021694	35.0271	0.00167521
826	-14.9237	0.00204714	34.5509	0.00160551
827	-14.4932	0.00216891	34.0944	0.00167983
828	-14.11	0.00218835	33.6722	0.00166955
829	-13.7133	0.00214379	33.2345	0.00162037
830	-13.3281	0.00211145	32.8073	0.00159898
831	-12.9759	0.00206801	32.396	0.00155563
832	-12.5731	0.00211876	31.9143	0.00158298
833	-12.155	0.00224744	31.4086	0.00166437
834	-11.7733	0.00211925	30.9291	0.00156837
835	-11.3393	0.00215708	30.3714	0.00158451
836	-10.9299	0.00204365	29.8338	0.00149392
837	-10.5524	0.00221432	29.3279	0.00158568
838	-10.1416	0.00230625	28.7509	0.00162095
839	-9.73256	0.00215468	28.1657	0.00153202
840	-9.36301	0.00218725	27.627	0.0015345
841	-8.93907	0.00214134	26.9771	0.00146784
842	-8.56115	0.00220958	26.4089	0.0015325
843	-8.22008	0.00220053	25.8657	0.00151162
844	-7.85781	0.00228675	25.2747	0.00155555
845	-7.49125	0.00225575	24.6514	0.00151907
846	-7.17681	0.00227661	24.1152	0.0015343
847	-6.83043	0.00229306	23.4936	0.0015178
848	-6.50835	0.00237717	22.9044	0.00156029
849	-6.18114	0.00228009	22.2802	0.00150049
850	-5.84342	0.00235408	21.6226	0.00152552
851	-5.54575	0.0023017	21.0218	0.00148612
852	-5.24126	0.00240007	20.3881	0.00154743
853	-4.96089	0.00205507	19.7889	0.00132784
854	-4.70175	0.00235995	19.2241	0.00148745
855	-4.44872	0.00235904	18.6346	0.00147648
856	-4.20267	0.00224653	18.0649	0.00142279
857	-3.96709	0.00226886	17.4914	0.00143893
858	-3.75664	0.00229119	16.9506	0.00142504
859	-3.55121	0.00223583	16.42	0.00139733
860	-3.36478	0.00231124	15.9224	0.00143045
861	-3.19158	0.00226573	15.4467	0.0013956
862	-3.03492	0.00210194	15.0087	0.00129848
863	-2.88665	0.00235405	14.5936	0.00144829
864	-2.75234	0.00230228	14.191	0.00142164
865	-2.62742	0.00230365	13.8099	0.00141864
866	-2.51599	0.00219745	13.4521	0.00135909
867	-2.40914	0.00238954	13.1092	0.00143594
868	-2.30704	0.00215664	12.7862	0.0012898
869	-2.21772	0.00242516	12.488	0.00146321
870	-2.13631	0.00236772	12.2009	0.00142207
871	-2.05959	0.00225632	11.9269	0.00137174
872	-1.99047	0.00232132	11.691	0.00140084
873	-1.92535	0.00220051	11.4665	0.00133402
874	-1.86831	0.00223361	11.248	0.00133244
875	-1.81299	0.00233559	11.0415	0.00140939
876	-1.75986	0.00223546	10.841	0.00134614
877	-1.71342	0.00233152	10.6698	0.00138864
878	-1.6758	0.00232628	10.5165	0.00141001
879	-1.63787	0.00227181	10.3746	0.00137797
880	-1.60511	0.00241652	10.245	0.00144939
881	-1.57353	0.00244887	10.123	0.00146397
882	-1.54342	0.00232557	10.0075	0.00139681
883	-1.51575	0.00222131	9.89929	0.00133234
884	-1.49138	0.00221981	9.79195	0.00132463
885	-1.46881	0.00242663	9.69347	0.00145194
886	-1.44777	0.00244787	9.60341	0.00146565
887	-1.42663	0.00223594	9.51754	0.00133886
888	-1.41032	0.0024046	9.44023	0.00144118
889	-1.38965	0.00225028	9.36569	0.00135842
890	-1.37566	0.00226039	9.29834	0.00136294
891	-1.36054	0.00225716	9.23144	0.00135344
892	-1.34504	0.00230942	9.16821	0.0013871
893	-1.33031	0.00229298	9.10588	0.00137528
894	-1.31648	0.00234858	9.04951	0.00142209
895	-1.30391	0.00222956	8.99182	0.00134467
896	-1.29112	0.00235123	8.93727	0.00142233
897	-1.28159	0.00212057	8.88235	0.00128622
898	-1.26611	0.00217863	8.83216	0.00133014
899	-1.25513	0.00223496	8.77814	0.00135353
900	-1.24292	0.00206866	8.72816	0.0012461
901	-1.23253	0.00224367	8.67897	0.00136145
902	-1.2221	0.00217848	8.63239	0.00131358
903	-1.21097	0.00225579	8.58444	0.00135033
904	-1.20182	0.00239998	8.53939	0.00144767
905	-1.19286	0.00226965	8.49544	0.00135766
906	-1.18396	0.00229692	8.45253	0.00137049
907	-1.17248	0.00236866	8.41187	0.00142493
908	-1.16377	0.00228337	8.37021	0.00136191
909	-1.1582	0.0021542	8.33225	0.00128798
910	-1.15005	0.00228237	8.29381	0.00137277
911	-1.14037	0.00229918	8.25647	0.00137433
912	-1.1354	0.00214399	8.22053	0.00128627
913	-1.12919	0.00220725	8.18554	0.00132332
914	-1.11887	0.00221412	8.14968	0.00133529
915	-1.11054	0.002194	8.11613	0.00131464
916	-1.10615	0.00216532	8.08342	0.00130063
917	-1.09964	0.00225444	8.04928	0.00136084
918	-1.09107	0.00229399	8.01484	0.00138358
919	-1.08215	0.00218876	7.98067	0.00131863
920	-1.07758	0.00220819	7.95	0.00132554
921	-1.07029	0.00237408	7.91681	0.00141599
922	-1.0616	0.00236084	7.8849	0.0014195
923	-1.05585	0.00223408	7.85284	0.00133587
924	-1.05014	0.00223574	7.82287	0.00133021
925	-1.04356	0.00231634	7.79344	0.00138172
926	-1.03646	0.00230677	7.76477	0.00138522
927	-1.03094	0.00220781	7.73441	0.00132183
928	-1.02613	0.00220001	7.707	0.00130542
929	-1.0215	0.00218651	7.67975	0.00129001
930	-1.01608	0.00225417	7.65421	0.00134788
931	-1.00973	0.00221345	7.62595	0.00132314
932	-1.00198	0.00221772	7.6009	0.00132975
933	-0.99935	0.00204451	7.57455	0.00123467
934	-0.994609	0.00216156	7.5505	0.00129325
935	-0.989714	0.00221915	7.52586	0.0013279
936	-0.984382	0.00227074	7.49964	0.0013566
937	-0.977399	0.00220474	7.47581	0.00133006
938	-0.974233	0.00212782	7.45019	0.00128557
939	-0.97011	0.00215326	7.42895	0.00129327
940	-0.965039	0.00225652	7.40543	0.00134588
941	-0.960254	0.00230624	7.3824	0.00137936
942	-0.952116	0.00234444	7.35825	0.00140729
943	-0.948084	0.00228538	7.33668	0.00137209
944	-0.947067	0.00221558	7.31429	0.00132756
945	-0.941691	0.00223379	7.29331	0.00132558
946	-0.93779	0.00240533	7.27118	0.00142263
947	-0.93292	0.00241188	7.25133	0.00143353
948	-0.926723	0.00236249	7.22803	0.00141996
949	-0.923535	0.00222068	7.20885	0.00133793
950	-0.919006	0.00217072	7.18532	0.00129776
951	-0.914905	0.00222433	7.16617	0.00131696
952	-0.913017	0.00232784	7.14621	0.00136752
953	-0.909373	0.00232898	7.12691	0.00138412
954	-0.903332	0.00222824	7.10634	0.00133039
955	-0.898032	0.00219601	7.08643	0.00130944
956	-0.895431	0.00213983	7.06577	0.00127508
957	-0.890901	0.0021616	7.04717	0.00129164
958	-0.889578	0.00220142	7.02877	0.00130075
959	-0.886296	0.00226267	7.00845	0.00133896
960	-0.881782	0.0021909	6.99134	0.00130567
961	-0.877492	0.00223581	6.96988	0.00133341
962	-0.87297	0.00221734	6.95133	0.00132665
963	-0.870386	0.00224947	6.93193	0.00134667
964	-0.869094	0.0021559	6.91439	0.0012931
965	-0.866083	0.00216262	6.89778	0.00129804
966	-0.862244	0.00227702	6.88062	0.00136072
967	-0.859722	0.0021908	6.86192	0.00130882
968	-0.855289	0.00219066	6.84244	0.00132164
969	-0.849628	0.002179	6.82598	0.00131626
970	-0.848484	0.00221773	6.80671	0.00134005
971	-0.84593	0.0021673	6.79199	0.00130647
972	-0.844666	0.00217853	6.77568	0.00130608
973	-0.84205	0.0023124	6.75962	0.00137469
974	-0.838858	0.00239483	6.74151	0.00142663
975	-0.834589	0.00241807	6.72594	0.00144192
976	-0.830656	0.00233907	6.70914	0.00139852
977	-0.827151	0.00220545	6.69044	0.00134206
978	-0.82487	0.00212166	6.67512	0.00128889
979	-0.82275	0.00218528	6.66113	0.00131974
980	-0.821101	0.00218441	6.64426	0.00131437
981	-0.817146	0.00227061	6.62921	0.00136126
982	-0.813846	0.00233566	6.61374	0.00139064
983	-0.811537	0.00237367	6.59934	0.00141622
984	-0.806455	0.00222835	6.58234	0.00133961
985	-0.805244	0.00223627	6.56765	0.00134473
986	-0.801064	0.00215881	6.55201	0.00130129
987	-0.799708	0.00212864	6.5368	0.00128339
988	-0.797347	0.00215936	6.52242	0.00129389
989	-0.795914	0.0022723	6.50975	0.00135272
990	-0.790393	0.00229851	6.49554	0.0013664
991	-0.789989	0.0023501	6.48115	0.00139209
992	-0.784459	0.00228071	6.46719	0.001361
993	-0.78315	0.0022325	6.45089	0.0013478
994	-0.778893	0.00217831	6.43974	0.00131129
995	-0.7799	0.00215162	6.42778	0.00129463
996	-0.77616	0.00214356	6.41181	0.00129294
997	-0.775971	0.00212867	6.39828	0.00126798
