	Point 2 (Reference Step: 0)		Point 2 (Reference Step: 0)	
Step No.	x Displacement	Uncertainty of x Displacement	y Displacement	Uncertainty of y Displacement
	Displacement/mm	Displacement/mm	Displacement/mm	Displacement/mm
0	0	0.00097149	0	0.000115311
1	0.0021607	0.00139493	-0.000440466	0.000731822
2	-0.000286897	0.00136413	0.00128145	0.000701235
3	-0.000102999	0.00147582	0.00118131	0.000812717
4	-3.5875e-06	0.0014493	0.00198798	0.000782788
5	0.00162542	0.00148861	0.00059814	0.00082138
6	-0.0022023	0.001503	0.00351064	0.000834457
7	-0.00174801	0.00137422	0.0013099	0.000712542
8	0.000839639	0.00145568	0.00574079	0.000793042
9	4.26488e-05	0.00141116	0.00256385	0.00075033
10	-0.00132271	0.00138213	0.00701199	0.000723813
11	-0.000758279	0.00143822	0.00342352	0.000772288
12	0.000445066	0.00148113	0.00773411	0.000810941
13	-0.000589773	0.00145846	0.00484706	0.000794344
14	0.000429657	0.00149362	0.00833004	0.00082525
15	-0.000373932	0.00144868	0.00863333	0.000783273
16	0.000186031	0.00148918	0.00777316	0.000821949
17	-0.00114014	0.001637	0.0101203	0.000947415
18	-0.00174332	0.00150481	0.0104196	0.000833313
19	-0.00227137	0.00153934	0.011322	0.00085915
20	-0.000970921	0.00151033	0.00940685	0.000841474
21	0.000360395	0.00158978	0.0125114	0.000910322
22	-0.00183615	0.00148359	0.010431	0.000816347
23	-0.000302241	0.00157286	0.0143146	0.000896455
24	-0.00013327	0.00157341	0.0124196	0.000895072
25	4.4554e-05	0.00152391	0.0143917	0.000849364
26	-0.00142149	0.00166538	0.0165573	0.000971809
27	-0.00162552	0.00167211	0.0179966	0.000978827
28	-0.00186735	0.00170747	0.017112	0.00100485
29	-0.00124025	0.00167021	0.0193164	0.000974269
30	6.65073e-05	0.00170027	0.0189332	0.000998669
31	-0.00357862	0.00171895	0.0186581	0.00101552
32	-0.00345183	0.00171747	0.0227007	0.0010126
33	-0.0011358	0.00173291	0.0218897	0.0010269
34	-0.00261534	0.00175973	0.0213356	0.0010527
35	0.00146201	0.00180869	0.0221625	0.0010853
36	-0.00127863	0.00185598	0.0229638	0.00112194
37	-0.00148134	0.00178692	0.0225442	0.00106987
38	-0.00089012	0.00187617	0.0250458	0.00113666
39	-0.00289905	0.00191207	0.0259044	0.00116159
40	-0.0025848	0.00190349	0.0262764	0.00115855
41	-0.00141459	0.00198245	0.0265576	0.00121783
42	-0.00237344	0.00191132	0.0281787	0.00116146
43	-0.00312775	0.00206686	0.0315481	0.0012764
44	-0.00184826	0.00258045	0.0568907	0.00161349
45	-0.025507	0.00318524	0.589217	0.00196099
46	-0.0567716	0.00326373	1.2594	0.00201623
47	-0.0949946	0.0026168	1.86453	0.00167736
48	-0.147879	0.00265711	2.51925	0.00170909
49	-0.184911	0.00267158	2.95609	0.00172292
50	-0.224439	0.00314564	3.39395	0.00199186
51	-0.280898	0.00280938	3.93795	0.00182722
52	-0.327873	0.0027358	4.34588	0.00180278
53	-0.375819	0.00305052	4.76851	0.00198196
54	-0.448149	0.00288808	5.32264	0.00188865
55	-0.506514	0.00302892	5.73245	0.00198839
56	-0.565287	0.0029	6.14068	0.00191916
57	-0.661769	0.00265012	6.77163	0.00178647
58	-0.73691	0.00280753	7.25373	0.00190598
59	-0.79477	0.00272757	7.57706	0.00185652
60	-0.833733	0.00281396	7.80179	0.00191733
61	-0.859699	0.00275026	7.94768	0.00187642
62	-0.87724	0.00290518	8.04123	0.00197566
63	-0.889407	0.00269416	8.09508	0.00184172
64	-0.861697	0.00293211	7.96471	0.00197697
65	-0.823729	0.00294597	7.75989	0.00199294
66	-0.790063	0.00259978	7.57212	0.00177642
67	-0.759425	0.00256097	7.41074	0.0017588
68	-0.733513	0.00280718	7.27517	0.00190266
69	-0.71764	0.00283832	7.16273	0.00190713
70	-0.711336	0.00289308	7.12415	0.00194754
71	-0.730499	0.00306243	7.25482	0.00204526
72	-0.756955	0.00271288	7.39505	0.00184788
73	-0.781821	0.00287906	7.51409	0.00195451
74	-0.79863	0.00279353	7.60671	0.00189513
75	-0.813228	0.00266192	7.67899	0.00182757
76	-0.826735	0.00294301	7.77604	0.00198794
77	-0.848541	0.00312645	7.88588	0.0020958
78	-0.865414	0.00293564	7.97979	0.00197121
79	-0.880566	0.0027555	8.05223	0.00189165
80	-0.891576	0.00283144	8.10583	0.00191687
81	-0.900418	0.00291071	8.14843	0.00198464
82	-0.906058	0.0026138	8.17969	0.00180555
83	-0.909677	0.00259186	8.19801	0.00179039
84	-0.907228	0.00258753	8.19417	0.00178369
85	-0.899804	0.00274082	8.15557	0.00188578
86	-0.892595	0.00285856	8.1159	0.00194294
87	-0.885606	0.00261294	8.08066	0.00180174
88	-0.877945	0.00264444	8.04976	0.00181688
89	-0.872344	0.00306316	8.02176	0.00205261
90	-0.86741	0.00304335	7.99917	0.00203605
91	-0.862964	0.00291261	7.97875	0.00196297
92	-0.860219	0.00300439	7.9667	0.00201014
93	-0.861039	0.00283175	7.95845	0.0019204
94	-0.869681	0.00305741	8.00599	0.00205171
95	-0.880911	0.0026832	8.05492	0.00184312
96	-0.890368	0.00269251	8.0972	0.00183065
97	-0.895707	0.00287979	8.14375	0.00196038
98	-0.905224	0.00269306	8.16917	0.00185861
99	-0.908519	0.00243748	8.20693	0.00168927
100	-0.915297	0.00261652	8.21879	0.0017978
101	-0.91353	0.00271833	8.24986	0.00186431
102	-0.920213	0.00279008	8.25494	0.00191125
103	-0.925336	0.00291879	8.27473	0.00199071
104	-0.922744	0.00283868	8.27831	0.00194628
105	-0.922663	0.00287497	8.29291	0.00197521
106	-0.919558	0.00294583	8.2863	0.00201106
107	-0.9278	0.0029896	8.29576	0.00204336
108	-0.928507	0.00280446	8.30165	0.00193487
109	-0.928494	0.0028363	8.30809	0.00195154
110	-0.931135	0.00271094	8.30754	0.00187477
111	-0.932836	0.00273091	8.31192	0.00189241
112	-0.930732	0.00276291	8.31352	0.00190641
113	-0.931214	0.00275125	8.31896	0.00190381
114	-0.934528	0.0027984	8.31717	0.00193098
115	-0.935398	0.00273346	8.32205	0.00189133
116	-0.933046	0.00265998	8.32557	0.00184408
117	-0.935149	0.00277936	8.32572	0.00191642
118	-0.93451	0.00269384	8.33033	0.00186169
119	-0.936379	0.00272202	8.33332	0.00187895
120	-0.937105	0.00274998	8.33748	0.00189807
121	-0.937277	0.00270948	8.33908	0.00187976
122	-0.938248	0.00269628	8.3446	0.00185812
123	-0.936914	0.00274861	8.34763	0.00189388
124	-0.938662	0.00280588	8.34857	0.00192041
125	-0.938712	0.00275344	8.35542	0.00189584
126	-0.938605	0.00274459	8.35885	0.00188415
127	-0.937284	0.00265692	8.36214	0.00183459
128	-0.941693	0.00285245	8.36558	0.00195274
129	-0.939678	0.00283932	8.36932	0.00194036
130	-0.940808	0.00279806	8.37616	0.00191881
131	-0.941541	0.00288206	8.3788	0.0019688
132	-0.941806	0.00291304	8.38241	0.00198812
133	-0.943144	0.00288409	8.38801	0.00196734
134	-0.9435	0.00300074	8.39107	0.002032
135	-0.944912	0.00296125	8.39415	0.00200341
136	-0.944281	0.00301651	8.39788	0.00204413
137	-0.943975	0.00306829	8.40033	0.00206802
138	-0.946801	0.00313816	8.40397	0.00210935
139	-0.945693	0.00305613	8.40941	0.00207195
140	-0.949017	0.00298506	8.40884	0.00203258
141	-0.946991	0.00308008	8.41647	0.00208141
142	-0.947753	0.00297725	8.41601	0.00202209
143	-0.949781	0.00319145	8.42023	0.00214789
144	-0.950436	0.00300009	8.42101	0.002038
145	-0.950084	0.00294967	8.42572	0.00201355
146	-0.950356	0.00299812	8.42862	0.0020447
147	-0.950804	0.00297863	8.43196	0.00202277
148	-0.950924	0.00290803	8.43554	0.00199336
149	-0.953165	0.00299567	8.43424	0.00204187
150	-0.954052	0.00301264	8.44171	0.00204843
151	-0.953664	0.00289661	8.43978	0.00198605
152	-0.952998	0.00291467	8.44683	0.00199388
153	-0.954112	0.00278424	8.44568	0.00192306
154	-0.955052	0.00289106	8.45208	0.00198578
155	-0.95578	0.00280451	8.44973	0.00193781
156	-0.955562	0.00284636	8.45568	0.00195913
157	-0.955299	0.0028963	8.45759	0.00197947
158	-0.955789	0.00287296	8.46087	0.00196709
159	-0.957973	0.00288066	8.46298	0.00197249
160	-0.958166	0.00289828	8.46658	0.00197913
161	-0.957306	0.00289462	8.46662	0.00198241
162	-1.0368	0.00266501	8.83335	0.00186228
163	-1.63993	0.00291316	11.5246	0.00207269
164	-2.28506	0.00268765	13.8559	0.00199925
165	-2.67749	0.00269402	15.1052	0.00204782
166	-2.92815	0.00266659	15.8522	0.00205945
167	-3.0848	0.0027774	16.3159	0.0021409
168	-3.18754	0.00273254	16.6063	0.00212132
169	-3.25333	0.00299088	16.7953	0.00225712
170	-3.30419	0.00261967	16.9243	0.0020513
171	-3.33791	0.00266489	17.0138	0.00209812
172	-3.35846	0.00270944	17.0799	0.00210343
173	-3.37732	0.00273793	17.1331	0.00214084
174	-3.39211	0.0028294	17.1723	0.00219273
175	-3.40234	0.00280499	17.2011	0.00218072
176	-3.37407	0.00271193	17.1322	0.00212433
177	-3.34234	0.00257947	17.0432	0.00202554
178	-3.31368	0.00274263	16.9688	0.00213791
179	-3.29517	0.00274849	16.9173	0.00213319
180	-3.27843	0.0027973	16.8801	0.0021767
181	-3.26621	0.00283225	16.8545	0.00219017
182	-3.25874	0.00281131	16.8412	0.00216785
183	-3.25615	0.00276735	16.8328	0.00213415
184	-3.25653	0.00283636	16.8321	0.00219551
185	-3.25606	0.00281854	16.8344	0.00216269
186	-3.25866	0.00282779	16.8372	0.00217579
187	-3.26129	0.00288853	16.8486	0.00222619
188	-3.26631	0.00266131	16.8489	0.00208116
189	-3.26913	0.0027745	16.8577	0.00216096
190	-3.27379	0.00287719	16.8645	0.00220567
191	-3.28241	0.00280154	16.8892	0.00216954
192	-3.30223	0.00270578	16.9386	0.00210792
193	-3.32411	0.0027427	16.9943	0.00214928
194	-3.34254	0.00263733	17.0357	0.00206216
195	-3.35178	0.00276544	17.0779	0.0021457
196	-3.36351	0.00276122	17.1023	0.00215474
197	-3.37363	0.00269625	17.1298	0.00210738
198	-3.38241	0.0027273	17.1471	0.00212293
199	-3.38623	0.00270599	17.1651	0.00211089
200	-3.39489	0.00290458	17.1777	0.00221943
201	-3.39787	0.00283146	17.1917	0.00218289
202	-3.401	0.00285909	17.2009	0.00219495
203	-3.40598	0.00283202	17.2129	0.00219994
204	-3.41	0.00271833	17.2207	0.00211743
205	-3.40946	0.00271955	17.23	0.00212866
206	-3.41342	0.00280491	17.2359	0.0021891
207	-3.4191	0.00280703	17.2447	0.00218705
208	-3.42188	0.00277979	17.2513	0.00217966
209	-3.42441	0.00274799	17.2582	0.00214753
210	-3.42705	0.002825	17.264	0.00221692
211	-3.42905	0.00267974	17.2713	0.00211227
212	-3.43264	0.00267237	17.275	0.00210893
213	-3.43395	0.0028116	17.2825	0.00219481
214	-3.43697	0.00265962	17.2869	0.00209382
215	-3.43762	0.0026316	17.2942	0.00207027
216	-3.44167	0.00271289	17.2959	0.0021226
217	-3.44259	0.0027474	17.3042	0.00215518
218	-3.44472	0.00258712	17.3059	0.00203472
219	-3.44614	0.00269579	17.3138	0.00210299
220	-3.44656	0.00272577	17.3134	0.00212847
221	-3.44723	0.00270573	17.3216	0.00212127
222	-3.45215	0.00269432	17.3217	0.0021071
223	-3.44853	0.00267975	17.328	0.0020891
224	-3.45237	0.00273693	17.3233	0.00213704
225	-3.44947	0.00269575	17.3319	0.00210074
226	-3.45212	0.00260312	17.3296	0.00204466
227	-3.45122	0.00276386	17.3369	0.0021453
228	-3.45524	0.00269468	17.3385	0.00210649
229	-3.45485	0.00271399	17.3407	0.00211282
230	-3.45581	0.00263449	17.3467	0.00207208
231	-3.45572	0.00271309	17.3452	0.00212519
232	-3.45798	0.00267026	17.3512	0.00208817
233	-3.45977	0.00271751	17.3549	0.00211795
234	-3.46092	0.00262862	17.3582	0.00206345
235	-3.46255	0.00265652	17.3599	0.00208328
236	-3.46353	0.00263671	17.3638	0.00206757
237	-3.46474	0.00253957	17.3674	0.00201033
238	-3.46628	0.00262599	17.3714	0.00207866
239	-3.46678	0.00255857	17.3763	0.00202593
240	-3.4686	0.00261927	17.3748	0.0020662
241	-3.46842	0.00265066	17.3809	0.00209118
242	-3.47388	0.0026253	17.3851	0.00207895
243	-3.48279	0.00257575	17.3863	0.00203661
244	-3.47275	0.00265759	17.3967	0.00208325
245	-3.47601	0.00253273	17.3901	0.00201436
246	-3.46948	0.00267634	17.4007	0.00210581
247	-3.47572	0.00260066	17.3985	0.00205129
248	-3.48057	0.0026206	17.4021	0.00206421
249	-3.48046	0.00256441	17.401	0.00203505
250	-3.4804	0.00263933	17.4078	0.00208236
251	-3.48239	0.00266348	17.4069	0.00208832
252	-3.48288	0.00255134	17.414	0.00202131
253	-3.48286	0.00256361	17.413	0.00203208
254	-3.48292	0.00255017	17.4157	0.00202695
255	-3.4831	0.00269747	17.4194	0.00211688
256	-3.4853	0.00274277	17.4223	0.00213698
257	-3.48666	0.00279254	17.4231	0.00216877
258	-3.51647	0.00273654	17.5016	0.00215714
259	-3.75303	0.00283454	18.0962	0.0022167
260	-4.07743	0.00255104	18.9143	0.00206028
261	-4.28271	0.00305369	19.4138	0.00238642
262	-4.42936	0.00273087	19.7597	0.00221724
263	-4.70712	0.00258545	20.3926	0.00213033
264	-4.95132	0.00279076	20.9436	0.00229244
265	-5.13019	0.00278345	21.3243	0.00230127
266	-5.26172	0.00293685	21.6081	0.00238322
267	-5.35773	0.00273266	21.8067	0.00224102
268	-5.42163	0.00267441	21.9446	0.00222451
269	-5.52915	0.0027769	22.1598	0.00230295
270	-5.69171	0.00278169	22.4868	0.00232067
271	-5.81176	0.00263718	22.7353	0.00223091
272	-5.9019	0.00287608	22.9096	0.00239327
273	-5.96833	0.00295398	23.0424	0.0024313
274	-6.02904	0.00283667	23.1522	0.00239849
275	-6.13819	0.00280733	23.3657	0.00235514
276	-6.23687	0.00297563	23.5498	0.00247022
277	-6.3099	0.00278612	23.6962	0.00236021
278	-6.37271	0.00283962	23.8034	0.00239932
279	-6.4132	0.00270841	23.8865	0.00231924
280	-6.44702	0.0029166	23.9543	0.00245755
281	-6.53383	0.00302226	24.1136	0.00252856
282	-6.65879	0.00282633	24.3342	0.00241913
283	-6.75282	0.0029739	24.518	0.00250821
284	-6.8291	0.00288658	24.6574	0.00247048
285	-6.91852	0.0026885	24.8134	0.00234051
286	-7.05622	0.00280852	25.0523	0.00241758
287	-7.18175	0.00285417	25.2719	0.00246188
288	-7.27109	0.00281775	25.4317	0.00245337
289	-7.33436	0.00279866	25.5395	0.00243409
290	-7.38911	0.00265024	25.6291	0.00231715
291	-7.42369	0.0028616	25.6937	0.00246097
292	-7.45348	0.00285136	25.7442	0.00243572
293	-7.48039	0.00286624	25.7934	0.00244265
294	-7.50124	0.00286344	25.8263	0.00244452
295	-7.5177	0.00268211	25.8569	0.0023337
296	-7.53672	0.00270857	25.8822	0.00236211
297	-7.55323	0.00281699	25.9112	0.00242676
298	-7.5692	0.00287543	25.9356	0.00247707
299	-7.57973	0.00284212	25.9614	0.00244942
300	-7.58886	0.00285496	25.9738	0.00244421
301	-7.60252	0.00283487	25.9999	0.00242301
302	-7.61379	0.00277196	26.0133	0.00239419
303	-7.62506	0.00280366	26.0353	0.00242083
304	-7.63538	0.00283644	26.0491	0.00245415
305	-7.64867	0.00276156	26.0696	0.00240319
306	-7.6576	0.00270489	26.085	0.00236786
307	-7.66733	0.0028282	26.1024	0.00245643
308	-7.6762	0.00276556	26.1153	0.00242325
309	-7.68452	0.00280478	26.1305	0.00245427
310	-7.69331	0.00289602	26.1436	0.00247719
311	-7.70035	0.0027339	26.1593	0.00240274
312	-7.71066	0.00278207	26.1694	0.00242547
313	-7.71778	0.00277038	26.1887	0.00241453
314	-7.72604	0.00277359	26.198	0.00241124
315	-7.73448	0.00265863	26.2166	0.0023377
316	-7.74264	0.00263783	26.2262	0.0023217
317	-7.74947	0.00269373	26.2421	0.00235976
318	-7.75982	0.0026	26.2525	0.00227791
319	-7.7638	0.00267916	26.2642	0.00235542
320	-7.77446	0.00272878	26.2759	0.00238057
321	-7.78084	0.00271906	26.2882	0.00236379
322	-7.78617	0.0027483	26.2977	0.00240173
323	-7.79505	0.0027298	26.3101	0.00240741
324	-7.80457	0.00276074	26.3244	0.00242954
325	-7.80725	0.00278263	26.3273	0.00245214
326	-7.81216	0.00278489	26.3416	0.00243276
327	-7.81805	0.00286591	26.3499	0.00248728
328	-7.82313	0.0028333	26.3625	0.0024674
329	-7.83066	0.0028704	26.3712	0.00247966
330	-7.83564	0.00285102	26.3855	0.00247688
331	-7.84273	0.0027377	26.3937	0.00237916
332	-7.84568	0.00296439	26.3994	0.00252306
333	-7.85358	0.0028036	26.4099	0.00243248
334	-7.86136	0.00286001	26.4245	0.00246361
335	-7.86721	0.00271884	26.4282	0.00237998
336	-7.87165	0.00278173	26.4418	0.00242586
337	-7.8802	0.00274846	26.4467	0.00239501
338	-7.88685	0.0027636	26.4608	0.00242898
339	-7.89202	0.0028028	26.4677	0.00244522
340	-7.89565	0.0027678	26.4781	0.00241184
341	-7.90153	0.00267974	26.4821	0.00237347
342	-7.90557	0.00272339	26.4972	0.00238946
343	-7.90893	0.00271357	26.4997	0.00238636
344	-7.9139	0.0027318	26.5073	0.00239833
345	-7.91883	0.00277442	26.5134	0.00242996
346	-7.92144	0.00291528	26.5219	0.00251621
347	-7.92727	0.00278924	26.5281	0.00243581
348	-7.93359	0.00286524	26.5427	0.00249298
349	-7.9399	0.00294467	26.5424	0.00254233
350	-7.94356	0.00297245	26.5588	0.00256594
351	-7.94845	0.00292961	26.5591	0.00252444
352	-7.95239	0.00289065	26.5697	0.00250434
353	-7.9592	0.0029873	26.5758	0.00257462
354	-7.96463	0.00292797	26.588	0.00254236
355	-7.96723	0.00289947	26.5873	0.00253374
356	-7.96852	0.00289389	26.5965	0.00251337
357	-7.97026	0.00286995	26.6007	0.00250958
358	-7.97716	0.00287787	26.6107	0.00250994
359	-8.04233	0.002846	26.7077	0.00249372
360	-8.30956	0.00289337	27.1223	0.00251628
361	-8.59566	0.0030015	27.5888	0.00259598
362	-8.78724	0.0028267	27.8784	0.00250884
363	-8.95475	0.00287697	28.1373	0.00252318
364	-9.23903	0.00285015	28.5686	0.00251873
365	-9.46256	0.00282485	28.9088	0.00251357
366	-9.62317	0.00291104	29.139	0.0025435
367	-9.72711	0.00293647	29.2913	0.00259711
368	-9.80143	0.00285377	29.3992	0.0025265
369	-9.89544	0.00292511	29.5273	0.00258281
370	-10.1036	0.00301869	29.8148	0.00265266
371	-10.3014	0.00289306	30.0895	0.00256518
372	-10.4481	0.00264723	30.2995	0.00242888
373	-10.5546	0.00288949	30.4399	0.00258157
374	-10.6301	0.00266889	30.5433	0.00245976
375	-10.7069	0.00269487	30.6445	0.00243467
376	-10.9075	0.00284248	30.906	0.00256135
377	-11.1259	0.00267122	31.1965	0.00249588
378	-11.2982	0.00290921	31.4137	0.00262643
379	-11.4188	0.00269382	31.5726	0.002502
380	-11.5129	0.00271857	31.6946	0.00249992
381	-11.5907	0.0028219	31.7915	0.00258069
382	-11.7336	0.00261812	31.967	0.00245488
383	-12.0084	0.00279303	32.3181	0.00257851
384	-12.2453	0.00265605	32.6137	0.00250245
385	-12.4101	0.0026853	32.8178	0.0025118
386	-12.5294	0.00273402	32.9586	0.00255976
387	-12.6593	0.00272013	33.1163	0.00254929
388	-12.8065	0.0027517	33.2901	0.00256685
389	-12.9266	0.00277237	33.4366	0.00259635
390	-13.0193	0.00261951	33.5424	0.00248096
391	-13.0891	0.00267436	33.6249	0.0025336
392	-13.1473	0.00278062	33.6902	0.00259104
393	-13.1898	0.00276696	33.7479	0.00260641
394	-13.2328	0.00256008	33.7889	0.00243226
395	-13.2677	0.00280145	33.8303	0.00261834
396	-13.2946	0.00292414	33.8681	0.00270377
397	-13.3247	0.00269174	33.8987	0.00254997
398	-13.3799	0.00267308	33.9601	0.00255014
399	-13.433	0.00280245	34.0186	0.00264531
400	-13.4808	0.00248278	34.0716	0.00240342
401	-13.5201	0.00277307	34.1163	0.00263255
402	-13.5551	0.00276081	34.1586	0.00263672
403	-13.5876	0.00255979	34.194	0.00248291
404	-13.615	0.00259756	34.2218	0.00249971
405	-13.6392	0.00275852	34.2491	0.00261012
406	-13.6828	0.00280237	34.3015	0.00264249
407	-13.7311	0.00257261	34.3486	0.00245938
408	-13.769	0.00261509	34.3959	0.00249179
409	-13.8035	0.00272164	34.4345	0.00260378
410	-13.8346	0.00272208	34.4662	0.0026016
411	-13.8628	0.00268337	34.4916	0.00256649
412	-13.8863	0.00263913	34.5203	0.00252204
413	-13.9094	0.00274431	34.5478	0.00257887
414	-13.9301	0.00279934	34.5719	0.00266083
415	-13.9492	0.00276991	34.5898	0.00263526
416	-13.9655	0.00286517	34.61	0.00271121
417	-13.9873	0.002674	34.628	0.00256274
418	-14.0048	0.00269298	34.6481	0.00256468
419	-14.0228	0.00281843	34.6686	0.00264745
420	-14.0361	0.00291003	34.6873	0.00268718
421	-14.0535	0.00279051	34.7056	0.00262478
422	-14.0655	0.00283491	34.7218	0.00266052
423	-14.0797	0.00284888	34.736	0.00269994
424	-14.0949	0.00284737	34.7524	0.0026816
425	-14.1114	0.00283713	34.7672	0.00266263
426	-14.1281	0.00277287	34.7816	0.00261626
427	-14.1414	0.00270147	34.7972	0.00253995
428	-14.1557	0.00269915	34.8167	0.00253238
429	-14.1685	0.00287088	34.827	0.00267378
430	-14.182	0.00264581	34.847	0.00250968
431	-14.1922	0.00275007	34.8569	0.00258773
432	-14.2049	0.00268344	34.8717	0.00256999
433	-14.2168	0.00272136	34.885	0.00259236
434	-14.2303	0.00276885	34.8984	0.00261857
435	-14.2425	0.00276167	34.9108	0.00260337
436	-14.2562	0.0026782	34.9209	0.00254718
437	-14.2692	0.00267656	34.9341	0.00251832
438	-14.281	0.00266977	34.9484	0.00251129
439	-14.2966	0.00270044	34.962	0.00254184
440	-14.3051	0.0026359	34.9741	0.00248629
441	-14.3158	0.00278801	34.9868	0.00261847
442	-14.3258	0.00265816	35.0008	0.00251996
443	-14.3351	0.0026711	35.01	0.00254746
444	-14.3474	0.0027735	35.0201	0.00262939
445	-14.3574	0.00275114	35.0337	0.00261512
446	-14.3682	0.00282249	35.0444	0.00264338
447	-14.3794	0.00280318	35.0526	0.00261373
448	-14.3914	0.00271176	35.0672	0.0025541
449	-14.4028	0.00275415	35.0746	0.00257687
450	-14.4114	0.00273174	35.0869	0.00257525
451	-14.4233	0.00265198	35.0953	0.00252836
452	-14.4346	0.00269023	35.1085	0.00254324
453	-14.4434	0.00276983	35.1178	0.00260577
454	-14.4524	0.0027	35.1296	0.00254706
455	-14.4627	0.00281354	35.1407	0.00264456
456	-14.4686	0.00267354	35.1498	0.00253794
457	-14.478	0.00287787	35.1594	0.00268879
458	-14.489	0.00288586	35.1699	0.00269546
459	-14.4986	0.00283801	35.1797	0.00266688
460	-14.5098	0.00287044	35.1926	0.0026767
461	-14.5187	0.00277343	35.2021	0.00259023
462	-14.53	0.00276115	35.2109	0.00258282
463	-14.5401	0.00267293	35.2223	0.00252882
464	-14.5499	0.00270057	35.2332	0.00255311
465	-14.5604	0.00277655	35.2398	0.00259931
466	-14.5674	0.00266857	35.2531	0.00252459
467	-14.5742	0.00268614	35.2589	0.00255163
468	-14.5808	0.00268315	35.2685	0.0025381
469	-14.5882	0.00271117	35.2794	0.002577
470	-14.5985	0.00277303	35.2882	0.00262344
471	-14.6062	0.00284289	35.3011	0.00268404
472	-14.6166	0.00285414	35.3063	0.00269638
473	-14.6272	0.00281337	35.3178	0.00264403
474	-14.6357	0.00275776	35.3242	0.0026125
475	-14.9808	0.00285601	35.6786	0.00268093
476	-15.5527	0.00272905	36.2773	0.00259142
477	-15.9259	0.00286507	36.6615	0.00274472
478	-16.1651	0.00288841	36.8915	0.00275008
479	-16.328	0.0027086	37.0537	0.00257851
480	-16.5924	0.00268021	37.3004	0.00260337
481	-16.8763	0.00245004	37.5739	0.00243469
482	-17.0741	0.0029714	37.7576	0.00276665
483	-17.2208	0.00288149	37.9005	0.0027202
484	-17.3977	0.00258577	38.0584	0.00252452
485	-17.7335	0.00274597	38.3632	0.00265671
486	-17.9961	0.00266979	38.5966	0.00254911
487	-18.1811	0.00274634	38.7587	0.00258781
488	-18.316	0.00265051	38.88	0.00251828
489	-18.4446	0.00272255	38.9944	0.0026086
490	-18.6832	0.002659	39.1917	0.00257412
491	-18.9001	0.00254069	39.3757	0.00251659
492	-19.0631	0.00273148	39.5112	0.00260965
493	-19.1916	0.00278293	39.6206	0.00262383
494	-19.3536	0.00274673	39.7559	0.00262541
495	-19.6038	0.00273755	39.9575	0.00262505
496	-19.808	0.00273709	40.1284	0.00262001
497	-19.9571	0.00260244	40.2438	0.00254167
498	-20.0653	0.00257805	40.3323	0.00254455
499	-20.1486	0.00272012	40.4041	0.00260958
500	-20.2227	0.00271478	40.4604	0.00263722
501	-20.3142	0.00261892	40.5291	0.00255169
502	-20.6919	0.00279091	40.8243	0.00266063
503	-21.065	0.00273553	41.1133	0.00265308
504	-21.3161	0.00258593	41.3043	0.00253187
505	-21.5049	0.00253375	41.438	0.00245949
506	-21.6405	0.00258737	41.5379	0.0025361
507	-21.741	0.00269489	41.6103	0.00258173
508	-21.8219	0.00284897	41.6721	0.00274112
509	-21.8901	0.00260595	41.7175	0.00250874
510	-21.9449	0.00289671	41.7608	0.00274366
511	-22.0057	0.00270574	41.7986	0.00264788
512	-22.0503	0.00265772	41.8344	0.00257861
513	-22.0932	0.00283906	41.8626	0.00267811
514	-22.1342	0.00270238	41.8905	0.00260371
515	-22.1744	0.00252879	41.9177	0.00248784
516	-22.2126	0.00275282	41.9494	0.00265732
517	-22.2498	0.00264848	41.9708	0.00255005
518	-22.2812	0.00248823	41.993	0.00244134
519	-22.313	0.00267349	42.0161	0.00257502
520	-22.3456	0.00283426	42.0412	0.00270964
521	-22.3798	0.00279312	42.0615	0.00267912
522	-22.4095	0.00259665	42.0825	0.00251123
523	-22.4394	0.00272582	42.1063	0.00262253
524	-22.4705	0.00279939	42.1267	0.00267564
525	-22.5019	0.00268448	42.1478	0.00258988
526	-22.5358	0.0027371	42.1673	0.00264334
527	-22.5642	0.00267992	42.1877	0.00260663
528	-22.5939	0.00279755	42.2089	0.00268395
529	-22.6206	0.00278971	42.2275	0.00265875
530	-22.6492	0.00275393	42.2453	0.0026284
531	-22.6738	0.00278935	42.2611	0.00263491
532	-22.6993	0.00258836	42.2807	0.00252507
533	-22.723	0.0027419	42.298	0.00264768
534	-22.7474	0.00283556	42.3152	0.00270311
535	-22.7769	0.00275567	42.3332	0.00265169
536	-22.8038	0.00262565	42.3492	0.00254694
537	-22.8266	0.00255936	42.3663	0.00249674
538	-22.8469	0.00269713	42.3827	0.00258344
539	-22.8674	0.00276911	42.3962	0.00263823
540	-22.8908	0.00264076	42.4139	0.00255805
541	-22.9184	0.00250017	42.428	0.00247867
542	-22.9388	0.0025345	42.4444	0.00250881
543	-22.9603	0.00262374	42.4574	0.00257996
544	-22.9815	0.00270296	42.4748	0.00261827
545	-23.0028	0.00262692	42.4877	0.00256867
546	-23.0238	0.00265978	42.5029	0.00256702
547	-23.0437	0.0025494	42.5132	0.00249412
548	-23.0688	0.00264774	42.5323	0.00255934
549	-23.0856	0.00260562	42.5398	0.00254028
550	-23.1035	0.00257699	42.5573	0.00254099
551	-23.1258	0.00268772	42.5701	0.0026144
552	-23.1481	0.00253347	42.5861	0.00250461
553	-23.17	0.00242024	42.5961	0.00240489
554	-23.1911	0.00251166	42.6124	0.00246288
555	-23.2125	0.00264888	42.6258	0.00256115
556	-23.2281	0.00281843	42.6403	0.00269495
557	-23.2476	0.00275817	42.6513	0.00265479
558	-23.2599	0.0027698	42.6631	0.00263988
559	-23.2817	0.00265747	42.6771	0.00254006
560	-23.3017	0.00261499	42.6868	0.00251768
561	-23.3274	0.00255987	42.7038	0.00249962
562	-23.344	0.00261133	42.7143	0.0025413
563	-23.36	0.00273337	42.729	0.0026385
564	-23.3735	0.00280618	42.7449	0.00267745
565	-23.3946	0.00267503	42.7571	0.00256903
566	-23.4093	0.0026721	42.7707	0.00256648
567	-23.4327	0.00260078	42.7764	0.00249712
568	-23.4518	0.00264879	42.7918	0.00254374
569	-23.4702	0.00274943	42.8043	0.00262466
570	-23.4867	0.00279842	42.8148	0.00267688
571	-23.5034	0.00276951	42.8295	0.00268768
572	-23.518	0.00271143	42.8396	0.00262873
573	-23.5348	0.00273684	42.8519	0.00263774
574	-23.5511	0.00258479	42.8635	0.00251072
575	-23.5715	0.00262256	42.876	0.0025311
576	-23.5897	0.0027608	42.8914	0.00261532
577	-23.6103	0.00286039	42.9005	0.00268953
578	-23.6228	0.00275002	42.9092	0.002646
579	-23.6419	0.0027098	42.9185	0.00264088
580	-23.6488	0.00275998	42.9285	0.00266083
581	-23.6676	0.0026525	42.9365	0.00257268
582	-23.6806	0.00266639	42.9463	0.00256089
583	-23.6966	0.00253252	42.96	0.00247859
584	-23.7139	0.00264657	42.9673	0.0025466
585	-23.7285	0.00271387	42.9786	0.0026068
586	-23.745	0.00275853	42.9925	0.00263225
587	-23.7521	0.0026754	42.9953	0.00258621
588	-24.0389	0.00265219	43.1726	0.00256789
589	-24.917	0.0028203	43.7374	0.00263846
590	-25.4629	0.00280352	44.0664	0.00267043
591	-25.8138	0.00271	44.2669	0.00257663
592	-26.0429	0.00265011	44.3945	0.00257523
593	-26.2238	0.00257678	44.5027	0.00250876
594	-26.4341	0.00252559	44.6139	0.00247502
595	-26.6067	0.00280599	44.7247	0.00262452
596	-26.7403	0.00264987	44.7885	0.00254239
597	-26.8431	0.00289434	44.8574	0.00271819
598	-26.9269	0.00269022	44.898	0.00255938
599	-27.2737	0.00292533	45.0874	0.00271212
600	-27.6627	0.00268098	45.3066	0.00258322
601	-27.9232	0.00271218	45.4507	0.0026008
602	-28.1076	0.00274579	45.5384	0.00261229
603	-28.2517	0.00287916	45.613	0.00268673
604	-28.6036	0.00279998	45.7814	0.00264572
605	-28.9151	0.00271749	45.9437	0.00258039
606	-29.1449	0.00297326	46.0505	0.00272267
607	-29.3071	0.00277677	46.1335	0.00259862
608	-29.5142	0.00283171	46.2283	0.00267319
609	-29.8141	0.00284672	46.3636	0.00265126
610	-30.0581	0.00284365	46.4818	0.00265752
611	-30.2425	0.00280374	46.5645	0.00260828
612	-30.3833	0.0029295	46.631	0.00271533
613	-30.4852	0.0027949	46.6749	0.00261083
614	-30.567	0.00285243	46.7166	0.00264935
615	-30.6409	0.00285083	46.7432	0.00265591
616	-30.8112	0.00268846	46.8179	0.00255104
617	-31.0167	0.00292512	46.9007	0.00271651
618	-31.1744	0.00283363	46.975	0.0026153
619	-31.3033	0.00281691	47.0219	0.00260872
620	-31.4063	0.00266127	47.0663	0.00248158
621	-31.4867	0.00294237	47.0994	0.00266714
622	-31.5988	0.00295494	47.1455	0.00273139
623	-31.7577	0.00291352	47.2105	0.00269867
624	-31.8895	0.00312	47.2647	0.0028396
625	-32.0026	0.00287228	47.3102	0.0026654
626	-32.0955	0.0026349	47.3482	0.0024874
627	-32.1663	0.00309357	47.381	0.00278338
628	-32.2369	0.00285405	47.4107	0.00265023
629	-32.2993	0.00297958	47.4343	0.00272667
630	-32.3518	0.00268543	47.4552	0.00251162
631	-32.4004	0.00284976	47.4759	0.00261133
632	-32.4504	0.00286681	47.4946	0.00265619
633	-32.5002	0.00271239	47.5121	0.00255613
634	-32.5425	0.00317704	47.5313	0.00285731
635	-32.5848	0.00296191	47.5495	0.0027235
636	-32.6327	0.00279788	47.5659	0.0025867
637	-32.6707	0.0029752	47.5812	0.00270816
638	-32.7105	0.00288166	47.5973	0.00264096
639	-32.7479	0.00285649	47.6123	0.00262875
640	-32.7882	0.00299225	47.6253	0.00273507
641	-32.8234	0.00302963	47.6399	0.00273656
642	-32.8613	0.00292413	47.6531	0.00267353
643	-32.8989	0.00301753	47.6686	0.00274792
644	-32.9346	0.0031859	47.6835	0.00285256
645	-32.9699	0.00306943	47.6972	0.00279396
646	-33.0047	0.00296877	47.7097	0.00272816
647	-33.0401	0.00299899	47.721	0.00273215
648	-33.0747	0.00315971	47.733	0.00282775
649	-33.105	0.00305732	47.7429	0.00274339
650	-33.138	0.00292449	47.7558	0.0026501
651	-33.1719	0.00300368	47.7698	0.00272352
652	-33.2035	0.00302495	47.782	0.00275068
653	-33.2399	0.00298054	47.7943	0.00272075
654	-33.2768	0.00279724	47.8068	0.00259024
655	-33.3028	0.00299074	47.8189	0.00269041
656	-33.3295	0.00301178	47.8284	0.00272775
657	-33.3599	0.00290736	47.8407	0.00266944
658	-33.3862	0.00292131	47.8515	0.00266932
659	-33.4077	0.00288377	47.8598	0.00261641
660	-33.4458	0.00301922	47.871	0.00270022
661	-33.4732	0.00316716	47.8772	0.00280931
662	-33.5011	0.00295134	47.8892	0.00269711
663	-33.5296	0.00291791	47.8955	0.00266851
664	-33.5574	0.00289252	47.9098	0.00262343
665	-33.5792	0.00286806	47.9167	0.00261353
666	-33.6083	0.00306	47.9312	0.00277415
667	-33.6314	0.00293719	47.9349	0.00271279
668	-33.6591	0.00298853	47.951	0.00274514
669	-33.6888	0.00287272	47.9588	0.00265511
670	-33.7126	0.00303271	47.9676	0.00271859
671	-33.739	0.00308865	47.9783	0.00278718
672	-33.7668	0.0029795	47.9869	0.00273529
673	-33.7897	0.00296026	47.9957	0.00272597
674	-33.8144	0.00311054	48.0022	0.00280818
675	-33.8384	0.00313075	48.0104	0.00276295
676	-33.8604	0.00321572	48.0183	0.00284611
677	-33.8865	0.00305856	48.0271	0.00275554
678	-33.9106	0.00305802	48.0349	0.00279219
679	-33.9341	0.00302822	48.046	0.00277091
680	-33.961	0.00294287	48.053	0.00267922
681	-33.9797	0.00306269	48.0601	0.00273922
682	-34.0051	0.00293927	48.0706	0.00269874
683	-34.0284	0.00296378	48.0797	0.00272767
684	-34.0525	0.00284541	48.0886	0.00265553
685	-34.075	0.0028294	48.0954	0.00263448
686	-34.0959	0.00292747	48.1076	0.00268864
687	-34.118	0.0031334	48.1128	0.00280816
688	-34.1386	0.00305105	48.1216	0.00276697
689	-34.1627	0.00302477	48.1286	0.00275131
690	-34.1836	0.00301172	48.1349	0.0027439
691	-34.2088	0.0031017	48.1403	0.00279748
692	-34.2297	0.00321903	48.1492	0.00286231
693	-34.2472	0.00319507	48.1529	0.00283734
694	-34.2668	0.00326798	48.1625	0.00287844
695	-34.2889	0.00314324	48.1647	0.00277937
696	-34.3094	0.00308887	48.1768	0.00280684
697	-34.3321	0.00308364	48.1803	0.00279784
698	-34.3534	0.00300129	48.193	0.00273496
699	-34.3719	0.00297589	48.1982	0.00272359
700	-34.3896	0.00295533	48.2061	0.00268707
701	-34.4093	0.00297693	48.2123	0.002705
702	-34.4333	0.00299076	48.2204	0.00271546
703	-34.4534	0.00295568	48.23	0.00270084
704	-34.473	0.00288248	48.2312	0.00266356
705	-34.4927	0.00306805	48.2425	0.00276562
706	-34.5086	0.00308501	48.2484	0.00278021
707	-34.5307	0.00307729	48.2542	0.00279671
708	-34.5482	0.00306576	48.2583	0.00277472
709	-34.5655	0.00301446	48.2652	0.002739
710	-34.5884	0.00305926	48.2696	0.00277932
711	-34.6091	0.00310962	48.2779	0.00280656
712	-34.6221	0.00329273	48.2804	0.00293289
713	-34.6397	0.00313528	48.2871	0.00282157
714	-34.6563	0.00319113	48.2914	0.00285433
715	-34.673	0.0032594	48.2993	0.0028734
716	-34.6898	0.00323164	48.3003	0.00288888
717	-34.6185	0.00317589	48.2837	0.00282899
718	-34.149	0.00320827	48.1383	0.00283578
719	-33.4189	0.0030071	47.9016	0.00269077
720	-32.8353	0.00302839	47.7027	0.00276675
721	-32.4082	0.00313928	47.5535	0.00282329
722	-31.9757	0.00276229	47.3912	0.00261966
723	-31.488	0.00281777	47.2082	0.00262232
724	-30.8382	0.00270402	46.9445	0.00256367
725	-30.3003	0.00290912	46.72	0.00267468
726	-29.9048	0.00267579	46.545	0.0025749
727	-29.6198	0.00272039	46.4202	0.00258911
728	-29.321	0.00265607	46.283	0.00251629
729	-28.8769	0.00267931	46.0811	0.00254479
730	-28.5116	0.00289327	45.9019	0.00270495
731	-28.2308	0.00293441	45.7645	0.00276534
732	-27.9931	0.00284272	45.6457	0.00270525
733	-27.5851	0.00275943	45.4402	0.00261898
734	-27.1456	0.00292124	45.2063	0.00270296
735	-26.7916	0.0025733	45.0159	0.00249236
736	-26.5156	0.00282343	44.8622	0.00262598
737	-26.1869	0.00275603	44.6776	0.00263765
738	-25.5345	0.00271378	44.2949	0.00257881
739	-24.8172	0.00270255	43.8518	0.00258746
740	-24.2325	0.00267021	43.4876	0.00258281
741	-23.7849	0.00260927	43.202	0.00256172
742	-23.3391	0.00271777	42.9076	0.00262166
743	-22.6445	0.00266021	42.4342	0.00258448
744	-21.998	0.00274303	41.9714	0.00263768
745	-21.4783	0.00265658	41.5844	0.0025468
746	-21.092	0.00259818	41.2988	0.00254086
747	-20.8032	0.00276724	41.0842	0.00262213
748	-20.2959	0.00256095	40.6931	0.00251573
749	-19.7198	0.00266227	40.2306	0.00259025
750	-19.2444	0.00268019	39.8355	0.00259806
751	-18.8724	0.00256728	39.5325	0.00252636
752	-18.3723	0.00267996	39.0952	0.00258994
753	-17.7611	0.00265612	38.555	0.00256708
754	-17.2698	0.00255678	38.1038	0.00250736
755	-16.8631	0.00264504	37.7262	0.00257078
756	-16.2357	0.00256117	37.1258	0.0025095
757	-15.5219	0.00295735	36.4121	0.00276738
758	-14.9346	0.0024485	35.802	0.00238543
759	-14.4416	0.00264877	35.2769	0.00253318
760	-13.823	0.00265416	34.5921	0.00254243
761	-13.2822	0.00290774	33.9825	0.00269924
762	-12.8547	0.0028177	33.49	0.00260238
763	-12.4666	0.00260029	33.0256	0.00246532
764	-11.9403	0.00269835	32.3789	0.00251533
765	-11.4462	0.00273175	31.7495	0.00253571
766	-11.033	0.00265151	31.2004	0.00246518
767	-10.6908	0.00299743	30.7509	0.00264425
768	-10.232	0.00266084	30.1259	0.00246266
769	-9.79267	0.00284453	29.5038	0.00253216
770	-9.41239	0.00276533	28.9482	0.00250968
771	-9.09179	0.00290591	28.4691	0.00255581
772	-8.79911	0.0030729	28.0144	0.00263147
773	-8.41688	0.0027188	27.4118	0.00239593
774	-8.05068	0.00293158	26.8255	0.00252646
775	-7.73332	0.00278817	26.3035	0.00241775
776	-7.44191	0.00300131	25.8106	0.00253701
777	-7.05942	0.00275832	25.1374	0.00238928
778	-6.71323	0.00283834	24.5249	0.00241507
779	-6.4171	0.00295547	23.9805	0.00248162
780	-6.13193	0.00292049	23.4242	0.00244385
781	-5.78155	0.0026794	22.742	0.00227936
782	-5.45962	0.00276443	22.085	0.00226923
783	-5.17334	0.00284633	21.483	0.00232624
784	-4.92898	0.00279308	20.9532	0.00228263
785	-4.7303	0.00250747	20.5027	0.00206956
786	-4.53922	0.00276762	20.0734	0.00222824
787	-4.27969	0.00272944	19.4635	0.00220506
788	-4.04488	0.00279272	18.8898	0.00220156
789	-3.82223	0.00276076	18.3374	0.00218281
790	-3.54297	0.00285198	17.6166	0.00222321
791	-3.27561	0.00282524	16.8874	0.0021771
792	-3.03482	0.00298799	16.2052	0.00227214
793	-2.81738	0.00263872	15.5412	0.00203188
794	-2.5908	0.00287929	14.8917	0.00214612
795	-2.40536	0.00277042	14.2724	0.00205971
796	-2.23434	0.00301233	13.7123	0.00218843
797	-2.07888	0.00279984	13.1742	0.00206644
798	-1.93744	0.00288131	12.6734	0.00208854
799	-1.81222	0.00289164	12.2149	0.00209125
800	-1.69949	0.00264061	11.7752	0.00192427
801	-1.59899	0.0026342	11.3724	0.00191113
802	-1.50641	0.00273076	11.0008	0.00194814
803	-1.42559	0.00293892	10.6554	0.00205877
804	-1.35669	0.00276295	10.3448	0.0019533
805	-1.29155	0.00269378	10.0587	0.0019023
806	-1.23546	0.00282011	9.79588	0.00197623
807	-1.18315	0.002795	9.55293	0.00195761
808	-1.13651	0.00292564	9.32981	0.00201902
809	-1.0958	0.00300238	9.13498	0.0020571
810	-1.06018	0.00282437	8.94847	0.00196386
811	-1.02612	0.00278115	8.78671	0.00192231
812	-0.995375	0.00294892	8.63828	0.00200694
813	-0.968316	0.00302776	8.50438	0.00203914
814	-0.948161	0.0028565	8.38144	0.00194666
815	-0.927858	0.00288881	8.27198	0.00197331
816	-0.910296	0.00272715	8.16916	0.00187721
817	-0.892058	0.00264922	8.07646	0.00182431
818	-0.874966	0.00288743	7.98677	0.00195749
819	-0.857542	0.0030346	7.90722	0.00205183
820	-0.844204	0.00272316	7.82814	0.00186559
821	-0.829255	0.00296589	7.75521	0.00200804
822	-0.821826	0.0028014	7.68362	0.00189759
823	-0.809283	0.00285028	7.61501	0.00192817
824	-0.796206	0.0026441	7.55024	0.0018117
825	-0.785149	0.00284838	7.48829	0.0019308
826	-0.776043	0.00257178	7.42751	0.00175889
827	-0.764283	0.00303152	7.37084	0.00203314
828	-0.75356	0.00275686	7.31797	0.00186114
829	-0.745457	0.00285612	7.26523	0.00192715
830	-0.737195	0.00281617	7.21269	0.00189486
831	-0.728409	0.00281082	7.16482	0.00189393
832	-0.720861	0.00290468	7.11361	0.00195325
833	-0.712144	0.00278342	7.067	0.0018706
834	-0.707768	0.00289509	7.02004	0.0019393
835	-0.700184	0.00291954	6.97753	0.00195168
836	-0.694289	0.0027352	6.92991	0.00184279
837	-0.687526	0.00279734	6.89119	0.00187318
838	-0.680234	0.00287668	6.8453	0.00192875
839	-0.675515	0.0027893	6.80785	0.00186921
840	-0.669369	0.00272938	6.76529	0.00184072
841	-0.665755	0.00290974	6.72929	0.00194942
842	-0.659105	0.00281129	6.68897	0.00187988
843	-0.651158	0.00268521	6.65146	0.00180529
844	-0.646756	0.00275485	6.61596	0.00185573
845	-0.640624	0.00286853	6.5802	0.0019249
846	-0.633407	0.00288013	6.5432	0.00191289
847	-0.627618	0.00270052	6.50966	0.00181055
848	-0.622959	0.00294897	6.47465	0.00196221
849	-0.616737	0.0029003	6.4415	0.00193864
850	-0.611674	0.00284394	6.40978	0.0018926
851	-0.609019	0.00291265	6.37956	0.00193524
852	-0.602371	0.00299394	6.34671	0.00198559
853	-0.596501	0.00287448	6.31338	0.0019112
854	-0.593151	0.00289672	6.28424	0.00191785
855	-0.588099	0.0028399	6.25331	0.00189297
856	-0.583619	0.00317036	6.22367	0.00207226
857	-0.599043	0.00288165	6.31814	0.00192986
858	-0.761366	0.00281088	7.33344	0.00189413
859	-0.921433	0.00262478	8.19702	0.00181462
860	-1.37206	0.00288325	10.3657	0.00201737
861	-1.79748	0.00301975	12.0975	0.00215611
862	-2.25594	0.00284895	13.7122	0.00209532
863	-2.78767	0.00264455	15.3919	0.00203076
864	-3.15564	0.00277423	16.4793	0.00215448
865	-3.68788	0.00287025	17.9099	0.00225408
866	-4.21282	0.0026808	19.2135	0.00216914
867	-4.73804	0.00272759	20.4311	0.00223239
868	-5.36812	0.00270776	21.7967	0.00224744
869	-5.81213	0.00252878	22.7001	0.00216557
870	-6.21053	0.00271725	23.473	0.00229434
871	-6.90661	0.00281708	24.7609	0.0024301
872	-7.40167	0.00277234	25.6213	0.00241247
873	-7.72197	0.00275345	26.1629	0.00239796
874	-8.01387	0.00276145	26.6348	0.00242904
875	-8.61663	0.00281633	27.5932	0.00248432
876	-9.10373	0.00285678	28.3418	0.00250832
877	-9.44881	0.0028527	28.8498	0.00254163
878	-10.0858	0.00262618	29.7692	0.00243069
879	-10.6696	0.00285792	30.5681	0.00255416
880	-11.0564	0.00271904	31.0845	0.00249104
881	-11.3261	0.00273071	31.4282	0.00250869
882	-11.5152	0.00286934	31.6755	0.00260402
883	-11.6574	0.002597	31.8529	0.00242848
884	-11.7641	0.00264723	31.9905	0.00246421
885	-11.8443	0.00272355	32.0893	0.00252366
886	-12.1886	0.0026468	32.5133	0.0024712
887	-12.9825	0.00283214	33.474	0.00263723
888	-13.5259	0.00269712	34.1011	0.00256391
889	-14.2845	0.00274689	34.9288	0.00256043
